0 418 990 1024 1055 433 1212 1081 1068 464
1 429 1762 1745 1730 428 1808 1737 1668 474
2 490 2345 2343 2365 452 2467 2438 2205 522
3 529 2876 3139 2901 460 2996 3124 2696 559
4 591 3607 3757 3374 494 3526 3721 3803 625
5 630 4347 4375 4062 500 4054 4554 4437 643
6 678 5097 5017 4716 544 4875 4963 4918 700
7 723 5750 5521 5591 569 5720 5716 5754 759
8 781 6535 6378 6106 626 6582 6344 6468 819
9 845 7144 7074 6963 680 7283 7105 7082 868
10 905 7822 7737 7392 729 7860 7719 7711 913
11 946 8445 8371 8164 768 8271 8260 8160 964
12 989 9086 9010 9025 791 9019 8923 8923 984
13 1040 9687 9492 9418 844 9655 9866 9427 1029
14 1074 10070 10070 10004 891 10194 10530 10097 1077
15 1090 10814 10746 10658 915 10781 11307 10736 1122
16 1169 11520 11461 11383 977 11473 11760 11323 1200
17 1204 12192 12235 12133 1007 12186 12524 11886 1254
18 1259 12861 12766 12798 1035 12539 12750 12399 1287
19 1296 13284 13260 13340 1095 13332 13590 12961 1370
20 1354 13859 13792 13871 1141 13926 14098 13684 1432
21 1425 14485 14628 14505 1193 14483 14794 14185 1501
22 1462 14794 14836 15000 1244 14986 15198 14708 1567
23 1506 15058 15179 15449 1298 15445 15742 15380 1659
24 1569 15967 15622 15919 1366 16081 16361 16174 1731
25 1636 16536 16000 16527 1448 16833 17012 16772 1800
26 1665 17182 16492 17180 1468 17153 17654 17271 1835
27 1712 17823 17157 17562 1501 17786 18292 17668 1902
28 1731 18272 17735 17929 1515 18266 18674 18293 1955
29 1788 18880 18303 18716 1553 19028 19216 18993 2005
30 1849 19366 18967 19319 1578 19473 19911 19395 2047
31 1915 19915 19566 19583 1607 19881 20533 19879 2062
32 1940 20426 20125 20196 1626 20549 20973 20267 2087
33 1979 20885 20700 20895 1637 21214 21409 20790 2110
34 2011 21280 21097 21227 1661 21880 21924 21435 2155
35 2093 21775 21691 21803 1690 22239 22152 21933 2193
36 2121 22471 22331 22397 1716 22674 22787 22229 2235
37 2155 23187 22921 23041 1749 23288 23578 23014 2315
38 2207 23611 23362 23464 1812 23669 23915 23441 2377
39 2249 24094 23878 24061 1843 23842 24438 23768 2415
40 2301 24637 24303 24504 1884 24561 24884 24329 2481
41 2340 25268 24818 25244 1932 24863 25304 24844 2508
42 2383 25765 25193 25760 1953 25318 25596 25163 2531
43 2433 26107 25787 26214 1985 25843 25856 25758 2549
44 2519 26469 26223 26399 2033 26218 26361 26140 2567
45 2593 26795 26479 26725 2069 26251 26602 26541 2579
46 2626 26946 26845 27162 2094 26612 26819 27119 2607
47 2641 27220 27087 27157 2100 27095 26990 27452 2617
48 2651 27749 27433 27734 2114 27577 27535 27894 2649
49 2653 27983 27919 28339 2114 28169 27995 28242 2652
50 2653 28294 28179 28837 2126 28485 28664 28909 2684
51 2661 28700 28610 29292 2127 29216 29189 29361 2681
52 2666 29169 29064 29629 2127 29728 29562 29661 2682
53 2689 29557 29468 30267 2147 30175 29601 30172 2686
54 2702 29875 30182 30646 2143 30646 30119 30599 2681
55 2709 30076 30347 30814 2151 30977 30495 31234 2688
56 2716 30256 30623 31174 2149 31461 31044 31478 2690
57 2732 30439 30681 31572 2163 32008 31504 31955 2697
58 2805 30652 31275 31764 2179 32493 31734 32523 2703
59 2855 31429 31827 32255 2173 32910 32178 32897 2711
60 2960 31584 32176 32258 2215 33391 32657 33201 2723
61 2982 32245 32748 32601 2232 33869 32957 33490 2740
62 2991 32564 33140 33148 2258 34145 33360 33738 2767
63 3003 32897 33734 33506 2268 34356 33771 34045 2773
64 3028 33358 34207 33766 2301 34670 34120 34703 2795
65 3041 34044 34816 34233 2310 35231 34662 35101 2833
66 3039 34365 35028 34663 2343 35403 35141 35371 2834
67 3043 34885 35483 35020 2368 35712 35333 35737 2833
68 3044 35246 35724 35280 2376 36080 35602 36171 2844
69 3077 35705 36094 35791 2378 36469 35911 36451 2858
70 3086 35899 36561 35915 2405 36782 36347 36865 2881
71 3105 36273 36962 36351 2429 37122 36785 37274 2898
72 3126 36645 37250 36737 2454 37465 37174 37817 2931
73 3141 37019 37581 36989 2469 37862 37599 37914 2957
74 3138 37731 38146 37498 2472 38137 37914 38328 2981
75 3147 38229 38494 38094 2477 38641 38455 38724 2978
76 3175 38571 38935 38420 2496 39129 38857 39430 2992
77 3180 39169 39111 38632 2500 39395 39158 39977 3002
78 3178 39325 39580 39159 2487 39767 39526 40678 2992
79 3213 39807 39840 39393 2511 40080 39915 41072 3015
80 3231 39897 40140 39906 2519 40546 40462 41574 3024
81 3239 40312 40536 40115 2527 40759 40982 41896 3038
82 3266 40660 40663 40341 2514 41077 41220 42118 3043
83 3266 40848 41042 40596 2532 41422 41840 42551 3046
84 3295 41248 41307 40766 2514 41787 42098 42773 3037
85 3321 41481 41559 40928 2510 42220 42437 42934 3040
86 3317 41705 41910 41520 2516 42210 42435 43137 3048
87 3308 42148 42236 41975 2534 42747 42963 43478 3080
88 3340 42548 42790 42577 2569 42874 43474 43563 3086
89 3350 42787 43198 43108 2588 43100 43652 43688 3086
90 3378 43157 43480 43710 2606 43360 43691 44096 3089
91 3396 43661 43520 44194 2598 43534 43878 44212 3078
92 3397 44030 44106 44434 2582 43853 44384 44408 3078
93 3396 44356 44471 45056 2575 44179 44769 44716 3091
94 3410 44817 44721 45409 2563 44492 45145 45101 3090
95 3405 44987 45155 45608 2564 44797 45458 45163 3084
96 3408 45280 45305 45713 2558 45014 45567 45584 3083
97 3396 45337 45684 46324 2548 45533 45714 45771 3078
98 3401 45559 45771 46544 2547 45890 46078 46197 3070
99 3394 45741 46023 46784 2534 46277 46474 46361 3130
100 3402 46171 46468 47104 2556 46740 47022 46795 3172
101 3409 46777 46830 47397 2560 46730 47118 47147 3181
102 3426 46938 46990 47649 2568 46978 47527 47428 3213
103 3430 47383 47130 47672 2566 47106 47649 47662 3211
104 3445 47799 47613 48122 2617 47244 47878 47891 3241
105 3489 48188 48110 48534 2635 47460 48124 48215 3283
106 3497 48357 48258 48644 2656 47685 48525 48608 3333
107 3506 48725 48190 49021 2661 48110 48789 48910 3358
108 3523 49051 48728 49388 2679 48399 48926 49090 3364
109 3519 49197 49131 49556 2691 48597 49088 49390 3413
110 3512 49261 49231 49828 2680 48905 49316 49721 3419
111 3521 49256 49295 50026 2670 48998 49464 50106 3419
112 3543 49577 49537 50204 2678 49390 49589 50344 3420
113 3548 49834 49885 50466 2683 49865 50012 50452 3422
114 3568 50019 49893 50584 2683 50278 50338 50904 3420
115 3573 50425 50399 51035 2678 50741 50733 51282 3424
116 3559 50770 50504 51163 2667 51103 50894 51576 3445
117 3566 51195 50658 51274 2678 51338 51113 51823 3476
118 3582 51554 51027 51436 2693 51756 51524 52315 3470
119 3565 51733 51077 52056 2690 52086 51875 52553 3491
120 3578 51940 51594 52204 2698 52425 52283 53000 3502
121 3590 52150 51616 52351 2714 52540 52400 53138 3524
122 3622 52544 51939 52618 2707 52745 52708 53500 3527
123 3631 52888 52290 52862 2698 52904 52927 53872 3520
124 3651 52992 52395 53225 2696 53192 53385 54107 3517
125 3649 53255 52941 53605 2676 53490 53593 54597 3511
126 3660 53934 53107 53962 2681 54023 53762 54723 3499
127 3666 54322 53649 54177 2679 54277 54283 54928 3484
128 3669 54504 53865 54463 2703 54436 54768 55131 3495
129 3689 54896 54142 54630 2698 54940 54997 55365 3481
130 3697 55188 54546 55148 2685 55231 55162 56051 3470
131 3712 55440 54909 55437 2679 55401 55253 56438 3470
132 3750 55582 55357 56167 2663 55654 55579 56568 3493
133 3762 55964 55533 56297 2653 56049 55878 56686 3491
134 3761 56354 55802 56568 2645 56123 56179 57029 3482
135 3770 56530 55857 56978 2630 56153 56407 57079 3476
136 3769 56596 56079 57216 2624 56555 56606 57253 3480
137 3755 56865 56572 57504 2642 56417 56733 57227 3487
138 3767 57067 56817 58115 2642 56453 56793 57589 3488
139 3757 57286 56947 58501 2646 56684 56679 57849 3485
140 3751 57767 57642 58815 2658 57050 57040 57839 3491
141 3757 58159 58295 58896 2677 57242 57411 58311 3516
142 3747 58343 58420 59291 2697 57672 57689 58513 3513
143 3734 58649 58690 59160 2727 57991 58145 58778 3519
144 3725 58964 59003 59609 2727 58462 58512 58901 3531
145 3743 59432 59267 59947 2749 58840 58640 59118 3623
146 3775 59619 59377 60242 2762 59040 58889 59109 3630
147 3780 59855 59719 60609 2762 59045 59168 59216 3628
148 3793 60309 60058 61010 2831 59467 59440 59664 3664
149 3833 60643 60271 61447 2849 59577 59452 59962 3672
150 3837 60734 60661 61653 2844 59877 59781 60196 3707
151 3886 60926 60957 61991 2899 60193 59899 60252 3753
152 3893 60979 61039 61749 2916 60528 60336 60426 3803
153 3885 60869 61097 62079 2923 60830 60739 60535 3812
154 3954 61115 61089 62293 2991 60975 60856 61016 3900
155 3997 61524 61456 62598 3017 61515 61221 61247 3921
156 4132 61799 61555 62630 3155 61455 61189 61373 3936
157 4220 61733 61808 62895 3212 61624 61451 61694 3993
158 4306 61899 62037 62939 3288 61686 61825 62114 4071
159 4326 61906 62094 62968 3293 61825 61815 62393 4084
160 4328 62079 62246 62821 3304 61926 62024 62873 4105
161 4323 61973 62028 62873 3308 62434 62459 62995 4137
162 4320 62162 62473 63080 3310 62604 62707 62942 4143
163 4326 62424 62717 63533 3309 62654 62835 63000 4151
164 4318 62641 62678 63706 3290 62561 63096 63169 4147
165 4322 62939 62951 63718 3285 62811 63400 63472 4156
166 4308 63485 63289 64072 3272 63093 63760 63439 4157
167 4293 63856 63463 64026 3258 63480 63957 63628 4159
168 4282 64037 63449 63884 3251 63856 64148 63894 4149
169 4304 64006 63534 64157 3241 63815 64260 64198 4168
170 4308 64249 63744 64622 3229 64078 64390 64440 4163
171 4302 64448 64266 64584 3225 64167 64294 64430 4175
172 4347 64972 64243 64969 3246 64352 64686 64904 4185
173 4361 65022 64567 65328 3246 64608 65048 65092 4197
174 4347 65033 64725 65425 3222 64738 65420 65367 4212
175 4359 65440 65147 65556 3273 65048 65579 65621 4215
176 4403 65529 65496 65895 3306 65173 65644 65759 4276
177 4423 65658 65557 65896 3329 65409 65891 66015 4290
178 4429 65799 65728 65988 3311 65527 66224 66274 4325
179 4435 66102 65849 66285 3303 65833 66629 66631 4328
180 4420 66598 66232 66482 3316 66088 66956 66842 4365
181 4415 66698 66504 66884 3314 66686 67125 67203 4389
182 4466 66928 66680 67023 3365 67044 67420 67299 4466
183 4472 67159 67255 67559 3371 67341 67841 67498 4518
184 4458 67461 67745 67688 3364 67555 68239 68230 4574
185 4450 67721 68077 68010 3370 67868 68295 68296 4608
186 4440 67934 68147 67906 3350 68255 68430 68422 4642
187 4434 68195 68228 68153 3350 68370 68738 68699 4661
188 4450 68228 68433 68352 3368 68666 69282 68940 4684
189 4455 68414 68492 68699 3375 68819 69482 68993 4703
190 4462 68484 68515 68684 3382 68893 69592 69048 4691
191 4498 68738 69020 68789 3387 69031 69759 69274 4704
192 4508 68955 69324 69127 3393 69318 69963 69660 4714
193 4533 69184 69207 69353 3385 69543 70063 69978 4719
194 4517 69378 69361 69328 3388 69663 70240 70302 4735
195 4500 69497 69785 69611 3373 69999 70397 70472 4761
196 4504 69785 69957 69682 3360 70233 70520 70649 4760
197 4493 69738 69982 70036 3344 70512 70953 70926 4777
198 4509 70020 70374 70252 3328 70668 71235 71259 4782
199 4514 70248 70384 70535 3327 71155 71533 71708 4797
200 4507 70281 70506 70580 3348 71399 71859 71786 4786
201 4507 70503 70583 70858 3325 71818 72262 72013 4765
202 4512 70613 70505 71152 3302 71982 72285 72528 4760
203 4506 70810 70955 71338 3305 72139 72605 72632 4751
204 4500 70666 71103 71644 3307 71987 72674 72823 4742
205 4491 70995 71377 71851 3304 72052 72723 72968 4727
206 4495 71261 71579 71985 3305 72346 72867 73174 4734
207 4519 71304 71789 72263 3367 72719 72986 73468 4775
208 4545 71307 72067 72681 3390 72879 73104 73697 4783
209 4569 71462 72307 72475 3426 73113 73343 73922 4810
210 4590 71658 72485 72729 3432 73427 73377 74069 4817
211 4595 71738 72551 73186 3429 73842 73745 74489 4824
212 4615 71945 72534 73538 3426 74014 74049 74901 4816
213 4654 71677 72784 73753 3426 74067 74378 75054 4811
214 4638 71722 72752 73804 3424 74350 74438 75141 4810
215 4649 71653 72792 73714 3413 74541 74674 75595 4791
216 4633 71759 72848 73829 3393 75082 74989 75955 4770
217 4633 72170 73024 74190 3396 75548 75354 76110 4772
218 4615 72235 73169 74271 3373 75754 75498 76071 4762
219 4607 72210 73390 74616 3367 75764 75452 76364 4783
220 4588 72318 73743 74848 3350 75859 75265 76419 4775
221 4584 72592 73869 75056 3345 75717 75297 76571 4756
222 4560 72877 73875 75229 3313 75828 75479 76700 4732
223 4556 72692 74325 75443 3291 76205 75754 76913 4706
224 4550 72836 74346 75652 3272 76418 76041 76919 4681
225 4544 73050 74827 75874 3266 76556 76540 77174 4667
226 4537 73390 74930 76055 3243 76692 76884 77666 4652
227 4533 73456 74955 76206 3234 76773 76899 77658 4634
228 4514 73694 74848 76335 3206 76817 77033 77852 4634
229 4499 73904 74985 76263 3175 77198 77226 77889 4611
230 4481 74008 75204 76226 3184 77318 77638 77992 4639
231 4478 74097 75114 76249 3165 77727 77742 78214 4628
232 4463 74294 75311 76404 3144 77950 77577 78471 4598
233 4447 74610 75635 76486 3125 78199 77797 78640 4591
234 4449 75031 75854 76472 3121 78263 77878 78568 4598
235 4458 75037 76062 76693 3118 78583 78135 78804 4585
236 4464 75338 76245 77124 3112 78780 78376 79297 4583
237 4490 75540 76357 77353 3112 79162 78430 79633 4576
238 4491 75359 76485 77413 3140 79267 78710 79774 4577
239 4496 75586 76770 77862 3150 79715 78781 79942 4558
240 4482 75924 76914 78189 3151 79781 78992 79950 4556
241 4503 76117 77179 78315 3160 79705 79444 80107 4542
242 4510 76167 77118 78472 3171 80026 79819 80546 4530
243 4482 76762 77198 78405 3173 80697 79951 80677 4514
244 4461 76980 77391 78421 3165 80995 80367 80884 4503
245 4446 77265 77977 78660 3161 81220 80237 80920 4508
246 4458 77506 78114 78979 3187 81486 80372 81021 4511
247 4513 77776 78325 79148 3204 81380 80465 81074 4508
248 4549 78097 78392 79406 3226 81629 80485 80871 4528
249 4545 78270 78436 79761 3234 81783 80887 81439 4578
250 4578 78293 78735 79755 3261 82172 80963 81621 4629
251 4567 78312 78991 79923 3279 82144 80967 81414 4640
252 4610 78485 79209 79860 3299 82609 81113 81658 4631
253 4630 78570 79076 79799 3310 82668 81279 81769 4620
254 4668 78677 79179 80057 3326 82605 81346 82029 4636
255 4685 78352 78990 80120 3352 82593 81332 82212 4639
256 4688 78805 79373 80204 3378 82549 81560 82535 4679
257 4664 79026 79627 80169 3403 82696 81761 82792 4718
258 4661 79209 79699 80424 3407 82918 81953 83210 4696
259 4631 79654 79908 80787 3376 83046 82132 83463 4680
260 4622 79636 80013 80871 3377 83093 82293 83548 4714
261 4624 79895 80109 80895 3371 83392 82746 84049 4699
262 4613 80138 80411 80981 3382 83923 82949 84181 4703
263 4619 80092 80342 80987 3411 84149 83101 84263 4720
264 4606 80308 80363 81238 3416 84452 83530 84351 4729
265 4604 80625 80480 81478 3409 84424 83738 84698 4731
266 4604 80602 80597 81275 3404 84442 83842 84914 4730
267 4627 80575 80678 81290 3416 84734 83960 85127 4731
268 4634 80527 80755 81549 3409 85001 84361 85199 4712
269 4638 80736 81026 81686 3404 85416 84443 85415 4698
270 4627 80877 81174 81683 3393 85526 84715 85632 4676
271 4635 80928 81251 81955 3381 85739 84885 85564 4648
272 4616 81089 81569 81956 3409 85968 85118 85662 4668
273 4623 81372 81747 82151 3398 86255 85551 86167 4644
274 4659 81775 81894 82432 3418 86294 85488 86123 4660
275 4684 81923 81865 82594 3413 86166 85297 86009 4734
276 4707 81797 82024 82773 3427 86140 85236 85992 4787
277 4719 81673 82402 82775 3428 86067 85336 86046 4798
278 4729 81896 82413 82869 3423 85900 85603 86225 4815
279 4711 81917 82329 82973 3433 86075 85530 86305 4806
280 4697 81686 82267 83027 3415 86005 85427 86496 4787
281 4676 81955 82511 83182 3414 86145 85683 86681 4804
282 4651 82240 82754 83391 3389 86382 85813 86899 4793
283 4644 82415 82840 83503 3398 86593 86174 86852 4776
284 4649 82676 83148 83665 3377 86607 86305 87012 4764
285 4626 82863 83343 83720 3378 86883 86625 87426 4750
286 4624 83139 83532 84157 3358 86849 86730 87521 4744
287 4632 83110 83820 84342 3346 87328 86812 87637 4724
288 4636 83661 83950 84553 3335 87717 87063 88005 4723
289 4637 83562 84277 84795 3336 87532 87169 88059 4730
290 4630 83682 84676 84866 3358 87840 87577 88159 4742
291 4622 83820 84760 84953 3353 88198 87682 88225 4754
292 4624 83878 84836 85268 3345 88392 87945 88464 4758
293 4609 84051 84894 85561 3332 88559 88019 88554 4746
294 4617 84022 84849 85661 3325 88676 88105 88500 4736
295 4597 84318 85194 85827 3315 88849 88290 88706 4732
296 4626 84627 85310 85974 3342 89117 88321 88801 4751
297 4639 84714 85527 85849 3326 89143 88543 88849 4754
298 4666 84659 85971 85935 3353 89062 88651 88772 4784
299 4667 85026 86069 86250 3354 89176 88770 89120 4783
300 4668 85202 86441 86359 3349 89500 88956 89415 4773
301 4652 85394 86469 86543 3343 89287 89145 89447 4759
302 4643 85717 86687 86679 3332 89572 89270 89843 4777
303 4623 85872 86688 87091 3301 89841 89162 89980 4764
304 4592 86380 86918 87277 3281 89913 89517 90318 4752
305 4579 86351 86987 87252 3277 90125 89726 90615 4776
306 4568 86751 87196 87514 3257 90034 89621 90755 4760
307 4564 86825 87304 87601 3265 90333 89918 90946 4761
308 4547 86756 87498 87861 3260 90397 90058 91243 4758
309 4535 86769 87583 88085 3268 90763 90286 91495 4745
310 4535 87172 87660 88425 3262 90853 90793 91644 4745
311 4557 87326 87435 88685 3297 91112 90889 91590 4741
312 4540 87418 87708 88713 3281 91169 90978 91747 4763
313 4549 87675 87921 88788 3271 91256 90937 91889 4778
314 4562 87625 88121 89261 3294 91025 91194 91586 4809
315 4562 87565 88240 89151 3298 91119 91406 91672 4812
316 4578 87801 88366 88864 3311 90882 91330 91815 4824
317 4572 88085 88492 89064 3313 90652 91630 91681 4840
318 4554 88434 88706 89172 3337 90782 91517 91847 4860
319 4558 88692 88868 89269 3354 90767 91813 92229 4861
320 4547 88894 89026 89392 3372 90833 91831 92287 4880
321 4546 88844 89046 89585 3410 90861 91951 92199 4917
322 4536 88771 89053 89539 3465 90998 91816 92023 5004
323 4525 88837 89213 89551 3482 90855 91543 91932 5048
324 4528 88930 89239 89589 3483 90921 91526 91890 5103
325 4544 88981 89360 89555 3471 91061 91688 92035 5081
326 4581 89160 89590 89627 3478 91254 91714 92193 5080
327 4614 89246 89723 89840 3483 91684 92099 92583 5108
328 4636 89482 90048 90070 3466 91750 92132 92702 5117
329 4643 89511 90214 90081 3460 91951 92046 92706 5100
330 4636 89851 90373 90241 3464 92156 92130 92601 5106
331 4661 89955 90697 90268 3488 92076 92139 92556 5099
332 4677 89984 90556 90561 3473 91958 92412 92590 5095
333 4722 90263 90839 90557 3475 91867 92310 92565 5109
334 4713 90386 90880 90756 3456 92331 92601 92702 5096
335 4732 90144 91042 90714 3474 92205 92718 92661 5113
336 4725 90269 91119 90973 3465 92387 92806 92797 5106
337 4716 90513 91278 91032 3448 92347 92650 92745 5108
338 4721 90628 91529 91300 3452 92258 92573 92583 5107
339 4726 90775 91527 91552 3449 92221 92584 92366 5091
340 4766 90797 91774 91801 3437 92427 92658 92571 5076
341 4746 90900 91647 91567 3422 92640 92551 92558 5062
342 4735 90956 91942 91690 3398 92569 92488 92549 5041
343 4717 90794 91935 91887 3382 92782 92596 92317 5057
344 4715 91332 92097 91948 3362 92891 92468 92375 5038
345 4708 91157 92092 92111 3359 93012 92924 92752 5020
346 4697 91349 92444 91936 3364 93172 93067 92778 5003
347 4687 91488 92767 91901 3363 93233 93264 93087 4978
348 4693 91521 92921 91829 3394 93405 93434 93161 4984
349 4692 91579 92712 91934 3402 93724 93449 93514 4989
350 4682 91577 92875 92124 3432 94160 93586 93856 4983
351 4672 91417 92560 91909 3455 94234 93720 94032 4973
352 4655 91279 92604 91734 3460 94293 93654 94011 4965
353 4633 91279 92646 91973 3486 94322 93501 94055 4991
354 4629 91563 92769 92281 3485 94530 93693 94121 4991
355 4649 91829 92835 92458 3495 94572 93924 94147 4979
356 4651 91764 92893 92040 3505 94823 93891 94279 4997
357 4667 91439 92844 91996 3530 94912 94022 94435 5007
358 4690 91570 92821 92257 3539 94998 94193 94449 5027
359 4689 91599 92840 92432 3542 94989 94521 94863 5043
360 4695 91933 93134 92318 3558 95061 94572 94988 5075
361 4729 92263 93259 92524 3568 95534 94703 95171 5107
362 4799 92197 93279 92511 3593 95549 95002 95193 5127
363 4811 92385 93513 92796 3618 95560 95270 95200 5154
364 4807 92475 93385 92631 3616 95470 95224 95364 5136
365 4792 92622 93527 92577 3611 95763 95216 95552 5154
366 4785 92548 93525 92659 3604 95905 95365 95600 5128
367 4787 92705 93559 92704 3593 95583 95283 95571 5119
368 4783 92719 93588 92878 3603 95622 95368 95459 5110
369 4773 92739 93639 93120 3593 95594 95231 95363 5096
370 4777 92687 93498 93298 3608 95523 95139 95315 5096
371 4771 92672 93609 93415 3595 95422 95026 95536 5089
372 4762 93072 93858 94031 3584 95498 95116 95679 5088
373 4765 93254 93909 94276 3569 95633 95588 95963 5099
374 4762 93576 93994 94292 3559 96005 95673 95996 5091
375 4749 93587 94125 94530 3572 95937 95843 96157 5080
376 4753 93749 94432 94644 3601 96138 95785 96227 5105
377 4743 93823 94510 94680 3595 96195 95794 96198 5118
378 4766 93650 94487 94381 3640 96469 96011 96252 5140
379 4765 93592 94496 94513 3634 96475 96067 96530 5180
380 4768 93902 94526 94505 3656 96422 96223 96718 5200
381 4774 94233 94734 94630 3693 96550 96557 96764 5263
382 4802 94094 94923 94818 3731 96599 96730 96891 5321
383 4819 94088 94892 94880 3739 96790 96526 97169 5337
384 4814 94434 94945 94968 3742 96778 96848 97247 5332
385 4814 94444 95169 95043 3733 96925 96996 97429 5333
386 4803 94598 95273 95036 3735 97221 97315 97665 5335
387 4823 94811 95308 95392 3738 97173 97481 97813 5338
388 4882 94976 95322 95481 3762 97263 97448 97935 5322
389 4899 95159 95434 95465 3755 97437 97487 98008 5338
390 4904 95019 95205 95705 3753 97277 97347 97890 5316
391 4892 95080 95223 95715 3739 97392 97337 97925 5295
392 4871 95124 95089 95790 3747 97220 97540 98075 5293
393 4860 95022 95134 95933 3754 97543 97661 98316 5308
394 4841 95027 95267 95907 3749 97742 97786 98298 5307
395 4841 94913 95176 95889 3745 97700 97844 98264 5308
396 4834 95167 95189 95823 3736 98009 98032 98359 5319
397 4836 94879 94971 95751 3719 98172 98317 98444 5301
398 4849 94922 95054 95722 3733 98421 98476 98292 5309
399 4850 94935 95281 95874 3722 98359 98483 98101 5303
400 4838 95160 95108 96056 3704 98364 98406 98210 5274
401 4814 95130 95493 96001 3682 98529 98858 98550 5243
402 4797 95105 95378 95798 3662 98407 98701 98388 5218
403 4784 95156 95353 95869 3646 98386 98841 98429 5205
404 4772 94980 95202 95828 3636 98402 98784 98527 5193
405 4786 95000 95301 95868 3630 98678 98761 98549 5174
406 4762 95317 95463 95942 3614 98485 98850 98439 5148
407 4779 95365 95674 96085 3627 98517 99109 98621 5129
408 4775 95127 95638 95960 3632 98449 98954 98777 5107
409 4773 94962 95683 95943 3631 98774 99415 99096 5103
410 4799 95284 95686 96266 3626 98819 99340 99232 5116
411 4794 95774 95734 96550 3615 98902 99593 99357 5097
412 4792 95862 96057 96669 3587 98928 99490 99369 5095
413 4821 95921 96048 96718 3584 98810 99074 99046 5075
414 4849 95804 95882 96610 3593 98886 98915 99161 5063
415 4873 96146 96004 96876 3634 98754 98810 99231 5072
416 4875 96168 95991 96791 3620 98707 98806 99343 5079
417 4866 96237 96142 96857 3615 98690 98904 99331 5077
418 4858 96150 96221 96969 3603 98732 99095 99482 5057
419 4841 96327 96608 97050 3610 98821 99220 99607 5074
420 4841 96321 96868 97221 3603 98922 98961 99531 5102
421 4832 96327 96843 97133 3593 99061 99263 99524 5093
422 4825 96751 97066 97237 3606 99149 99219 99509 5085
423 4804 96552 97040 97157 3601 99235 99141 99231 5073
424 4809 96428 97127 97299 3590 99331 99330 99323 5063
425 4847 96706 97343 97560 3604 99214 99313 99047 5071
426 4859 96816 97291 97520 3597 99010 99388 99151 5054
427 4882 96719 97307 97383 3569 98946 99453 99064 5037
428 4885 96982 97542 97453 3556 98876 99579 99039 5027
429 4916 96947 97518 97529 3535 98851 99152 98974 5016
430 4921 97025 97575 97429 3527 98961 99273 99066 4997
431 4946 96984 97594 97694 3552 98944 98991 98837 5023
432 4982 97031 97969 97760 3558 98848 99061 98707 5052
433 4975 96925 98187 97903 3562 98633 98821 98669 5075
434 4969 96884 98133 97789 3539 98923 98929 98758 5054
435 4986 97073 98105 97663 3540 98667 98993 98718 5070
436 4987 97064 98174 97833 3545 98998 98745 98869 5060
437 4988 97054 98630 97935 3568 99062 98724 98684 5073
438 4984 97156 98930 98234 3546 99141 98712 98803 5080
439 4971 97362 98965 98366 3563 98933 98655 98870 5110
440 4966 97649 98999 98531 3565 98732 98483 98872 5118
441 4951 97711 99096 98532 3578 98838 98566 98559 5102
442 4933 97833 99193 98811 3580 99152 98713 98694 5082
443 4920 97773 99380 98973 3581 98966 98707 98765 5107
444 4925 97973 99454 98961 3594 98798 98618 98745 5124
445 4929 97925 99564 98934 3591 98978 98408 98655 5120
446 4939 98193 99523 99151 3588 98734 98192 98694 5099
447 4965 98093 99257 99309 3598 98760 98030 98656 5091
448 4951 97924 99180 99282 3595 98597 98060 98564 5083
449 4959 97819 99226 99410 3582 98793 98077 98676 5068
450 4945 98034 99514 99387 3573 98861 98145 98665 5057
451 4948 98230 99540 99087 3608 98994 98459 98807 5065
452 4988 98309 99486 98977 3610 98937 98514 98686 5060
453 5026 98168 99420 98689 3604 98984 98395 98786 5117
454 5029 98051 99538 98744 3588 99133 98532 98888 5129
455 5033 98129 99195 98663 3598 99159 98717 99091 5140
456 5053 98078 99240 98825 3608 99148 98566 99314 5131
457 5041 97976 99019 98588 3612 99337 98643 99253 5141
458 5060 97711 99193 98821 3618 99229 98628 99210 5134
459 5069 97733 99279 98949 3617 99202 98666 99169 5134
460 5070 97927 99421 98954 3614 99446 98829 99663 5144
461 5069 98270 99547 99146 3606 99448 98821 99865 5129
462 5054 98364 99587 99104 3594 99496 98977 100161 5107
463 5038 98247 99563 98974 3580 99465 98778 100439 5076
464 5023 98417 99609 99202 3560 99663 98665 100480 5057
465 5023 98569 99949 99378 3546 99760 98636 100697 5037
466 5028 98722 100258 99311 3534 100003 98733 101024 5026
467 5009 98788 100128 99267 3518 99703 98925 100687 5010
468 5000 98590 100074 99278 3504 99679 98738 100572 5011
469 4986 98657 100157 99242 3481 99734 98797 100470 4998
470 4972 99039 100177 99346 3460 99477 98810 100231 4990
471 4978 99332 100294 99500 3440 99488 98888 100296 4976
472 4980 99281 100659 99623 3418 99355 99044 100180 4955
473 4974 99140 100735 99838 3427 99455 99189 100182 4977
474 4967 99161 101030 99959 3409 99341 99192 100073 4968
475 4958 99024 100942 99941 3411 99279 99518 100099 4952
476 4946 99133 100881 100133 3468 99273 99447 100026 4962
477 4940 99375 100936 99928 3474 99243 99231 99930 4974
478 4953 99464 101020 100366 3479 99195 99242 99855 4960
479 4931 99795 100764 100367 3473 99094 99495 99919 4958
480 4946 99879 100745 100529 3510 98982 99532 99975 4946
481 4966 99711 100384 100081 3535 98807 99224 99802 4957
482 4981 99703 100354 100204 3534 98884 99426 99990 4996
483 5005 99796 100181 100186 3534 98791 99559 99895 4997
484 5015 100075 100210 100351 3540 99005 99388 99973 5011
485 5028 99890 100344 100549 3546 99274 99697 100163 5051
486 5033 99859 100090 100594 3579 99134 99616 99938 5085
487 5065 99898 100021 100871 3614 99102 99641 99922 5111
488 5055 99811 100263 101059 3620 98995 99554 99756 5147
489 5057 100211 100513 101121 3629 99010 99393 99347 5159
490 5065 100339 100434 101211 3616 98807 99101 99226 5167
491 5049 100351 100484 101227 3633 98690 99047 99392 5207
492 5042 100308 100455 101190 3635 98570 98827 99174 5201
493 5045 100436 100481 101286 3629 98463 98570 99001 5182
494 5026 100425 100553 101366 3628 98352 98728 99102 5197
495 5006 100537 100574 101327 3611 98450 98805 99145 5185
496 5017 100540 100313 101261 3594 98248 98725 98998 5173
497 4998 100713 100555 101484 3565 98248 98856 98976 5205
498 5016 100658 100726 101598 3584 98404 98739 98909 5243
499 5032 100516 100859 101843 3582 98306 98632 99147 5235
500 5033 100702 100867 101913 3581 98512 98732 99290 5226
501 5019 100855 101060 102044 3595 98167 98659 99111 5208
502 5003 101384 101284 102036 3596 98312 98801 99243 5203
503 4982 101328 101165 102106 3588 98277 98626 99170 5189
504 4968 101360 101187 102096 3581 98388 98674 99102 5173
505 4953 101485 101419 102005 3587 98487 98592 99024 5188
506 4936 101604 101560 102256 3642 98658 98835 99258 5211
507 4917 101967 101748 102550 3648 98587 98689 99248 5199
508 4903 101966 101930 102769 3634 98780 98709 99345 5189
509 4905 102223 102079 102656 3639 98802 98927 99275 5161
510 4936 102507 101980 102944 3644 98728 98676 99132 5155
511 4921 102370 101767 102977 3615 98985 98688 99320 5171
512 4919 102275 101890 102763 3610 98894 98641 99267 5182
513 4903 102100 101836 102720 3591 98744 98613 99312 5192
514 4898 102183 101876 102761 3580 98752 98508 99361 5188
515 4885 102015 101715 102681 3590 98862 98591 99733 5180
516 4875 101722 101735 102620 3591 99060 98652 99814 5173
517 4869 101671 101917 102530 3569 99117 98659 99902 5161
518 4870 101737 101883 102470 3563 99166 98671 99845 5145
519 4883 101830 101761 102612 3560 99209 98826 99731 5127
520 4891 101909 101865 102541 3550 99337 99040 99819 5117
521 4879 101944 102103 102473 3525 99523 99010 100106 5104
522 4890 101735 101980 102188 3503 99517 99217 100258 5076
523 4896 101939 101844 102287 3513 99937 99364 100370 5087
524 4902 102154 101946 102426 3529 99984 99513 100269 5094
525 4924 102189 102187 102455 3541 99878 99430 100319 5067
526 4951 102221 102078 102678 3574 99660 99456 100371 5072
527 4926 102340 102144 102890 3554 99778 99508 100277 5064
528 4916 102295 102311 102810 3564 99832 99337 100606 5104
529 4908 102177 102262 102775 3545 99605 99389 100482 5125
530 4885 102356 102083 103029 3522 99643 99501 100402 5140
531 4887 102684 102215 103047 3503 99740 99545 100292 5127
532 4884 102637 102569 103211 3510 99365 99553 100295 5156
533 4872 102884 102756 103185 3509 99609 99840 100400 5155
534 4853 102889 103039 103344 3496 99835 99752 100550 5155
535 4842 102919 103010 103486 3481 100059 99872 100902 5142
536 4826 103144 103383 103945 3469 99848 99789 100826 5129
537 4833 103233 103209 103836 3473 99959 99809 100807 5113
538 4847 103444 103750 103979 3504 99789 99667 100885 5110
539 4841 103445 103913 104007 3533 99798 99447 100921 5121
540 4850 103329 104043 103908 3533 99819 99775 101190 5107
541 4860 103032 103931 103962 3598 99824 99851 101297 5104
542 4841 103072 103974 104236 3608 99965 99655 101366 5113
543 4830 103045 103933 104108 3621 99991 99887 101325 5088
544 4834 103373 103896 104061 3616 100266 99828 101390 5075
545 4824 103179 103934 103945 3598 100325 99568 101385 5049
546 4821 103332 104123 104048 3579 100566 99919 101459 5048
547 4859 103438 104397 104354 3575 100667 100058 101641 5040
548 4846 103366 104257 104566 3584 100841 100140 101463 5021
549 4841 103768 104337 104581 3559 100702 99944 101473 5008
550 4844 103840 104484 104685 3560 100815 99957 101924 4992
551 4845 103640 104397 104681 3554 100928 100004 101864 4983
552 4841 104020 104545 104714 3564 101182 100399 101931 4979
553 4854 104119 104724 104677 3560 101456 100520 101973 4990
554 4849 104295 104691 104874 3550 101455 100649 102120 4985
555 4827 104439 104972 105062 3549 101678 100825 102066 4972
556 4810 104283 104778 105046 3556 101622 101126 102098 4955
557 4826 104107 104608 104931 3528 101866 101007 102044 4939
558 4827 103982 104358 105001 3532 101673 100976 102019 4957
559 4820 104159 104484 104968 3520 101778 100995 102108 4965
560 4809 104068 104585 104817 3556 101851 100886 102067 4990
561 4789 104104 104711 104997 3541 101795 100795 102112 5000
562 4775 104320 104786 105147 3550 101484 101332 102103 4993
563 4761 104170 104867 105151 3563 101687 101170 102014 4983
564 4768 104086 104723 105097 3613 101455 101144 101933 5019
565 4772 104144 104923 105320 3614 101595 101455 101998 5041
566 4872 103989 104949 105098 3620 101634 101518 102199 5074
567 4894 103943 105039 104991 3629 101707 101623 102280 5076
568 4907 103813 104953 105205 3626 101985 101855 102258 5055
569 4910 104015 105120 105149 3641 101940 101814 102302 5058
570 4918 103939 104982 105125 3648 102130 102063 102348 5040
571 4903 104034 104766 105166 3653 102344 102195 102358 5047
572 4912 103885 104609 105049 3663 102362 102195 102597 5033
573 4903 103973 104583 104904 3666 102175 102098 102594 5044
574 4930 103995 104717 105107 3680 102141 102232 102679 5043
575 4945 104003 104673 105021 3684 101934 102054 102616 5049
576 4929 103851 104465 104963 3700 101730 102031 102587 5061
577 4931 103920 104482 104829 3690 101906 102170 102518 5056
578 4933 104012 104298 105034 3688 101871 102205 102218 5055
579 4918 104141 104460 105097 3700 101749 102071 102140 5046
580 4937 103793 104458 104984 3715 101601 102338 102222 5033
581 4942 103617 104589 104910 3702 101418 102333 102422 5020
582 4943 103756 104544 105179 3717 101498 102111 102381 5015
583 4943 103882 104700 105081 3728 101639 102087 102350 5001
584 4959 103896 104647 105269 3759 101711 101983 102469 5011
585 4971 103688 104557 105074 3808 101678 102082 102378 5012
586 4997 103503 104377 104986 3835 101580 101985 102306 5069
587 4998 103443 104260 105043 3838 101623 101782 102243 5123
588 4990 103305 104270 104974 3863 101601 101773 102388 5176
589 4981 103323 104075 104909 3892 101856 101839 102366 5221
590 4966 103147 104152 104788 3894 101803 101576 102153 5248
591 4956 103388 104189 104981 3935 101955 101592 102083 5283
592 4946 103314 104210 104626 3932 101704 101768 102150 5280
593 4941 103452 104101 104692 3945 101780 101774 101897 5304
594 4948 103243 103794 104633 3939 101943 101933 101670 5323
595 5014 103300 103715 104543 3960 102076 101919 101924 5335
596 5039 102835 103845 104558 3941 102305 101953 102151 5321
597 5044 102599 103901 104304 3932 102022 101952 101909 5300
598 5041 102729 103516 104317 3931 101987 101913 101839 5281
599 5060 102672 103323 104342 3934 101949 101946 101895 5290
600 5070 102733 103186 104258 3917 101886 101937 101764 5274
601 5075 102378 103051 103939 3937 102013 102015 101823 5274
602 5088 102181 102720 103893 3919 101720 101708 101725 5286
603 5069 102265 102843 104088 3915 101892 101747 101815 5276
604 5049 102379 102990 103877 3891 101872 101857 101691 5257
605 5038 102445 103112 103938 3890 101761 101774 101654 5248
606 5029 102318 102808 103854 3878 101902 102018 101904 5228
607 5028 102487 102899 103900 3851 101998 102073 102001 5208
608 4998 102529 102762 103750 3835 101958 101973 101858 5181
609 4990 102530 102851 103872 3812 101745 101928 101695 5158
610 4984 102579 102770 104048 3800 101692 101973 101780 5152
611 4979 102631 102761 104171 3816 101478 101937 101662 5172
612 4995 102575 102833 104093 3806 101465 101877 101775 5151
613 5008 102555 102983 104017 3783 101170 101672 101816 5120
614 5005 102494 103063 103763 3775 101089 101613 101765 5112
615 5018 102737 102991 103715 3771 100869 101533 101928 5106
616 5002 102909 103175 104051 3781 100729 101342 102006 5100
617 4973 102904 103292 104006 3747 101026 101490 101953 5092
618 4961 102932 103143 103886 3747 101354 101716 102027 5101
619 4933 102701 103190 103964 3740 101414 101993 102027 5070
620 4913 102639 103238 103905 3736 101510 101856 102474 5108
621 4898 102613 103347 103899 3730 101779 101960 102519 5108
622 4899 102515 103159 103808 3724 101839 102028 102278 5097
623 4890 102549 103196 103958 3701 101887 102089 102271 5099
624 4888 102451 103167 104140 3687 102147 102263 102438 5100
625 4896 102344 103228 104010 3670 102167 102412 102731 5085
626 4882 102474 103481 103860 3665 102227 102113 102531 5082
627 4875 102419 103203 103533 3661 102151 101931 102400 5081
628 4865 102394 103163 103427 3710 102148 102057 102538 5084
629 4896 102512 102893 103144 3738 102430 102440 102858 5119
630 4887 102020 102634 102982 3783 102506 102848 103030 5138
631 4889 102144 102502 103007 3769 102785 102874 102941 5138
632 4872 102047 102487 103095 3771 102881 102833 103272 5135
633 4865 101709 102234 102789 3777 103160 102967 103158 5159
634 4859 101730 102121 102762 3768 103235 103269 103113 5154
635 4874 101566 101644 102364 3778 103025 103118 102998 5142
636 4891 101852 101633 102429 3831 102969 103197 103302 5192
637 4967 101747 101642 102611 3869 102958 103151 103331 5232
638 4957 101885 101474 102591 3866 102761 103057 103326 5209
639 4971 101729 101403 102603 3856 102716 103133 103473 5216
640 4987 101764 101193 102478 3860 102855 103090 103333 5238
641 4992 101598 101444 102513 3845 102813 102831 103148 5251
642 4978 101683 101528 102624 3818 102796 102659 103168 5240
643 4986 101690 101587 102802 3807 102672 102670 103080 5242
644 4981 101388 101503 102502 3797 102739 102558 103243 5250
645 4967 101394 101357 102479 3786 102741 102509 103451 5258
646 4967 101301 101258 102483 3794 102571 102182 103211 5252
647 4955 101282 101379 102555 3770 102535 102211 103429 5238
648 4960 101468 101523 102809 3758 102499 102487 103526 5224
649 4946 101718 101422 102898 3741 102586 102519 103617 5197
650 4947 101886 101519 102977 3730 102601 102409 103566 5190
651 4921 101820 101651 103170 3696 102440 102417 103577 5178
652 4902 101789 101884 103002 3673 102473 102404 103512 5184
653 4885 101966 102000 103091 3656 102435 102482 103601 5171
654 4890 102094 102196 103021 3651 102543 102524 103868 5152
655 4879 102087 102211 102918 3653 102718 102594 103923 5147
656 4874 102192 102509 103000 3629 102457 102447 104024 5141
657 4886 102090 102902 103207 3622 102774 102609 103849 5120
658 4928 102045 102779 103080 3622 103020 102524 103793 5106
659 4931 101968 102723 103007 3615 102866 102608 103887 5105
660 4946 101854 102728 102826 3622 102788 102674 103790 5103
661 4938 101896 102753 102908 3630 103220 103124 103950 5091
662 4945 101905 102628 102854 3632 103140 103188 104131 5089
663 4942 101975 102915 103257 3628 103192 103135 104413 5082
664 4956 101861 103139 103462 3645 103130 103063 104036 5101
665 4942 102093 102898 103610 3642 103149 103305 104284 5162
666 4931 102192 103024 103413 3644 103094 103293 104151 5191
667 4912 102130 103061 103421 3663 103372 103136 104209 5183
668 4959 102233 102956 103339 3701 103391 103296 104218 5192
669 4951 102379 103064 103488 3703 103442 103318 104160 5195
670 4940 102098 102876 103512 3703 103528 103253 104134 5203
671 4931 102289 103247 103474 3712 103165 103364 103939 5216
672 4918 102604 103398 103599 3683 102996 103436 103870 5210
673 4897 102486 103411 103571 3666 103048 103596 104058 5199
674 4929 102592 103441 103613 3694 103073 103448 103930 5174
675 4922 102807 103391 104071 3681 103007 103352 103830 5158
676 4898 103179 103614 104210 3681 102617 103284 103482 5169
677 4879 103198 103694 104426 3700 102751 103299 103747 5151
678 4861 103220 103696 104163 3721 102864 103300 103668 5151
679 4878 103316 103740 104372 3734 102778 103376 103781 5156
680 4909 103269 103598 104411 3768 102763 103333 103788 5148
681 4918 103149 103547 104408 3796 102670 103341 103668 5163
682 4918 103381 103747 104225 3800 102703 103340 103630 5165
683 4915 103287 103569 104516 3787 102984 103234 103845 5157
684 4894 103213 103491 104314 3784 102881 103313 103755 5141
685 4882 103173 103530 104262 3783 102962 103529 103769 5129
686 4860 103187 103727 104172 3778 102881 103526 103634 5144
687 4855 103317 103553 104210 3780 103077 103617 103556 5154
688 4871 103117 103476 104029 3825 103331 103884 103517 5209
689 4903 103194 103652 104163 3825 103345 103767 103522 5196
690 4930 103245 103622 104129 3818 103147 103641 103476 5177
691 4925 103339 103510 104220 3812 103254 103640 103371 5171
692 4942 103479 103606 104307 3810 103305 103493 103494 5182
693 4961 103490 103640 104415 3794 103271 103609 103556 5162
694 4946 103594 103490 104361 3801 103317 103525 103348 5155
695 4935 103614 103902 104453 3806 103234 103562 103589 5187
696 4939 103319 103594 104177 3784 103316 103501 103632 5179
697 4942 103147 103346 104068 3790 103357 103393 103594 5193
698 4942 103177 103040 103896 3798 103270 103367 103568 5176
699 4922 103386 103134 104070 3784 103353 103477 103549 5165
700 4896 103628 103258 104100 3781 103503 103665 103688 5139
701 4888 103679 103273 104066 3770 103435 103527 103533 5136
702 4897 103857 103277 104212 3799 103452 103322 103461 5153
703 4918 103958 103526 104183 3788 103615 103231 103346 5172
704 4905 104116 103543 104099 3777 103718 103204 103400 5153
705 4917 104233 103818 104229 3770 103586 103393 103485 5159
706 4937 104328 103933 104348 3780 103605 103298 103494 5158
707 4925 104220 103918 104527 3772 103789 103356 103635 5134
708 4930 104161 103595 104580 3744 103861 103489 103702 5121
709 4935 104285 103538 104610 3744 103866 103431 103726 5119
710 4923 104042 103152 104390 3738 103820 103468 103920 5116
711 4908 104195 102965 104221 3700 103659 103440 104084 5114
712 4923 103913 103012 103911 3692 103517 103087 103877 5130
713 4928 103691 103068 103892 3705 103481 103193 103636 5109
714 4934 103680 102940 103515 3697 103559 103209 103607 5108
715 4991 103727 102903 103625 3720 103478 102953 103498 5130
716 5028 103579 102739 103506 3723 103389 103010 103602 5141
717 5059 103759 102756 103427 3732 103524 103170 103736 5149
718 5099 103558 102634 103377 3732 103567 103153 103663 5150
719 5084 103215 102830 103337 3755 103656 102889 103555 5150
720 5070 103242 103064 103451 3755 103539 102848 103531 5166
721 5058 103537 103479 103480 3771 103570 102699 103739 5235
722 5030 103330 103341 103079 3762 103473 102532 103601 5242
723 5022 103372 103630 103254 3762 103448 102653 103529 5266
724 5041 103619 103795 103477 3786 103544 102525 103657 5273
725 5033 103618 103818 103585 3795 103780 102527 103656 5274
726 5032 103537 103617 103736 3802 103383 102281 103354 5256
727 5015 103349 103768 103797 3788 103516 102290 103172 5246
728 5009 103350 103893 103502 3767 103460 102214 103325 5220
729 4987 103377 103626 103335 3735 103453 102091 103453 5192
730 4975 103295 103753 103345 3726 103209 102075 103432 5167
731 4968 103355 103683 103538 3722 103141 102040 103497 5140
732 4951 103320 103837 103476 3701 103089 102015 103336 5119
733 4933 103241 103675 103520 3686 102962 101762 103309 5101
734 4926 103272 103512 103420 3658 102792 101540 103110 5075
735 4925 103123 103479 103449 3666 102728 101565 102874 5085
736 5015 103001 103240 103285 3685 102697 101486 102975 5113
737 5036 102725 103144 103253 3684 102483 101295 102907 5125
738 5024 102605 103242 103202 3697 102607 101450 102816 5142
739 5021 102624 103175 103186 3691 102679 101670 102924 5128
740 5012 102496 103182 103013 3685 102794 101557 102598 5118
741 5027 102423 102995 103012 3675 102953 101888 102972 5117
742 5026 102558 102990 103240 3681 102986 101883 102963 5106
743 5058 102549 102938 103232 3709 103180 101868 103174 5089
744 5090 102420 103177 103132 3723 103161 101889 103286 5091
745 5101 102566 102901 103351 3713 102835 101888 103158 5080
746 5107 102788 102925 103241 3725 102651 101555 102879 5053
747 5087 102839 102757 103320 3740 102426 101587 102616 5075
748 5076 103083 102759 103159 3730 102628 101368 102715 5107
749 5054 103039 102582 103229 3712 102830 101559 102577 5090
750 5028 103289 102735 103271 3698 102742 101605 102124 5085
751 5013 103309 102855 103326 3688 102464 101518 102167 5092
752 5003 103640 102954 103297 3658 102379 101370 102103 5093
753 4990 103801 103286 103459 3645 102211 101579 102100 5086
754 4982 103653 102952 103383 3638 102234 101557 102077 5074
755 4997 103541 103037 103274 3667 102242 101763 102345 5087
756 5020 103249 103000 103076 3700 102241 101879 102353 5076
757 5064 103534 102993 102845 3674 102241 101802 102331 5076
758 5057 103244 103151 103185 3685 102384 102158 102383 5089
759 5072 103239 103205 103397 3715 102312 102201 102468 5098
760 5061 103342 103331 103594 3737 102255 102315 102488 5094
761 5064 102949 103136 103196 3774 102144 102323 102342 5102
762 5040 102844 102944 103345 3764 102050 102572 102302 5087
763 5052 102605 102801 103288 3771 102192 102800 102320 5071
764 5049 102449 102612 103291 3746 102492 102594 102518 5055
765 5052 102514 102596 103151 3769 102459 102444 102667 5085
766 5044 102546 102548 103035 3787 102452 102418 102764 5091
767 5045 102727 102735 103203 3790 102444 102346 102703 5099
768 5033 102779 102719 103288 3794 102436 102602 102574 5128
769 5032 102716 102646 103227 3775 102293 102448 102327 5113
770 5033 102498 102356 103137 3780 102328 102294 102538 5129
771 5052 102575 102558 103382 3770 102291 102380 102581 5136
772 5032 102719 102632 103480 3744 102348 102474 102887 5113
773 5018 102685 102698 103245 3737 102388 102514 102942 5130
774 5003 102547 102623 103291 3725 102515 102912 103001 5122
775 5003 102745 102494 103315 3733 102466 103000 102944 5109
776 4979 102665 102597 102944 3726 102405 103162 103068 5088
777 4972 102849 102686 103191 3702 102351 102898 102942 5070
778 4959 102683 102574 102868 3700 102301 102889 102796 5071
779 4959 102785 102641 103241 3694 102313 103087 102790 5061
780 4962 102702 102580 103318 3703 102489 103108 102801 5080
781 4952 102695 102595 103434 3702 102303 103152 102709 5085
782 4939 102831 102700 103568 3671 102293 102963 102628 5095
783 4943 103044 102601 103461 3657 102371 103001 102490 5074
784 4925 103110 102769 103417 3646 102586 103113 102653 5078
785 4929 102887 102568 103240 3645 102620 102931 102535 5098
786 4929 102786 102519 103416 3630 102803 102959 102612 5080
787 4916 102867 102438 103486 3595 102919 103080 102901 5070
788 4926 102878 102635 103479 3611 102871 102927 103069 5065
789 4917 102734 102823 103615 3626 102843 102878 102984 5048
790 4917 102786 102587 103696 3614 102682 102860 102921 5045
791 4922 102925 102856 103693 3599 102636 102530 103067 5047
792 4951 103098 102969 103981 3617 102913 102516 103327 5073
793 5017 102992 102892 104048 3684 103149 102402 103574 5071
794 5117 102966 103196 103848 3723 103156 102462 103332 5087
795 5224 102985 103596 103908 3749 102891 102075 103274 5098
796 5267 103172 103616 104107 3764 102931 101797 103055 5111
797 5302 103169 103380 103862 3779 103040 101720 102992 5115
798 5380 103200 103455 103754 3817 102831 101655 102925 5113
799 5366 103381 103387 103741 3824 102702 101717 102896 5124
800 5355 103422 103175 103670 3805 102954 101774 103102 5097
801 5366 103494 103069 103535 3810 102824 101743 103198 5080
802 5364 103604 103097 103364 3832 102616 101499 102978 5079
803 5373 103403 102928 103285 3831 102365 101290 102621 5071
804 5351 103551 102857 103142 3849 102426 101436 102537 5066
805 5346 103863 102875 103181 3865 102115 101315 102666 5082
806 5342 103709 102858 102971 3863 101984 101143 102677 5119
807 5334 103481 102698 102868 3874 102246 101151 102857 5122
808 5305 103436 102754 103114 3852 102012 101195 102840 5117
809 5285 103491 102821 103027 3829 101634 101215 102548 5104
810 5265 103435 102860 103134 3816 101466 100896 102330 5093
811 5245 103450 102729 102994 3818 101508 100748 102318 5077
812 5226 103167 102473 103037 3779 101931 100771 102145 5055
813 5200 103281 102536 103080 3746 101886 100835 102252 5036
814 5185 103341 102642 103135 3732 101847 100953 102121 5014
815 5190 103425 102681 103187 3780 101640 100851 102093 4988
816 5183 103348 102558 103168 3762 101810 101067 102071 4977
817 5156 103446 102740 103166 3791 101729 101245 101961 4980
818 5146 103557 102764 103089 3766 101600 101129 101694 4967
819 5139 103459 102536 103091 3762 101564 101044 101648 4965
820 5162 103221 102350 102918 3826 101281 100852 101562 5004
821 5160 103311 102443 103032 3852 101409 100958 101510 5022
822 5180 103394 102522 103117 3889 101634 101162 101487 5037
823 5197 103419 102540 102996 3900 101729 101135 101544 5052
824 5206 103260 102445 102921 3945 101633 101015 101435 5083
825 5259 103276 102512 102472 3949 101372 101118 101231 5079
826 5282 103178 102703 102580 3963 101512 101358 101415 5075
827 5304 102801 102614 102610 3998 101282 101290 101211 5101
828 5309 102700 102549 102553 4004 101558 101500 101561 5139
829 5301 102675 102379 102615 3986 101377 101587 101384 5142
830 5299 102599 102454 102693 3978 101389 101551 101467 5127
831 5302 102674 102495 102710 3976 101530 101655 101557 5150
832 5292 102702 102442 102628 3960 101468 101710 101415 5141
833 5276 102687 102523 102767 3947 101110 101614 101283 5133
834 5263 102596 102537 102664 3929 101167 101603 101355 5133
835 5241 102515 102340 102807 3932 101219 101277 101485 5129
836 5223 102569 102450 102613 3924 101358 101373 101771 5110
837 5189 102488 102306 102408 3917 101323 101412 101868 5096
838 5194 102271 102219 102322 3929 101439 101492 101796 5074
839 5203 102344 102262 102470 3916 101182 101651 101596 5061
840 5185 102239 101990 102613 3945 101344 101718 101667 5050
841 5218 102211 101969 102463 3915 101484 101837 102041 5034
842 5212 101983 101872 102423 3873 101445 101990 102083 5024
843 5240 101997 101888 102497 3880 101456 102034 102262 5001
844 5242 101837 101789 102379 3872 101435 102024 102244 4972
845 5227 101901 101722 102220 3842 101476 101737 101866 4958
846 5218 101778 101387 102158 3827 101498 101786 101732 4949
847 5205 101791 101121 102160 3821 101498 101829 101846 4942
848 5208 101834 100958 102230 3806 101514 102004 102087 4945
849 5189 101861 101125 102380 3782 101376 101827 101817 4944
850 5193 101927 101148 102428 3770 101398 101929 101974 4945
851 5190 102021 101224 102418 3779 101551 101725 102200 4947
852 5193 101895 101278 102407 3761 101361 101909 102296 4940
853 5180 102099 101403 102156 3729 101510 101861 102290 4920
854 5180 101773 101291 102122 3780 101596 101594 102286 4924
855 5170 101892 101322 102132 3781 101893 101638 102560 4920
856 5161 101903 101493 101977 3781 101874 101670 102634 4921
857 5163 102091 101693 102205 3775 101796 101717 102405 4914
858 5154 101782 101490 102288 3769 101804 101691 102445 4909
859 5169 102231 101630 102338 3769 102082 101702 102525 4903
860 5149 102293 101417 102357 3763 102041 101694 102570 4900
861 5141 102493 101654 102664 3773 102376 101876 102877 4888
862 5195 102327 101686 102591 3781 102050 101775 102681 4900
863 5200 102148 101648 102287 3789 101994 101701 102427 4889
864 5207 101987 101736 102168 3779 101823 101645 102352 4902
865 5178 101755 101733 102204 3756 101753 101758 102388 4883
866 5157 101646 101619 102144 3727 101698 101643 102590 4862
867 5142 101561 101810 102127 3685 101364 101435 102421 4846
868 5125 101361 101909 102159 3669 101312 101653 102492 4836
869 5108 101388 102151 101945 3669 101626 101853 102554 4839
870 5087 101524 101957 101760 3651 101399 101870 102657 4842
871 5116 101585 101691 101592 3644 101117 101714 102349 4828
872 5104 101572 101722 101731 3650 101206 101703 102461 4808
873 5108 101691 101676 101613 3650 101207 101502 102390 4790
874 5099 101825 101924 101841 3638 101051 101662 102175 4809
875 5103 101791 102300 102166 3671 100804 101563 102113 4829
876 5096 101886 102369 102231 3740 100865 101414 102163 4891
877 5081 101648 102141 102251 3744 100558 101172 101810 4911
878 5086 101766 102041 102553 3754 100567 101065 101802 4904
879 5073 101904 102116 102835 3751 100269 100946 101643 4918
880 5093 101814 102266 102933 3750 100352 100859 101693 4922
881 5092 101969 102186 102961 3729 100164 100905 101674 4918
882 5091 102203 102173 102786 3703 99990 100924 101487 4920
883 5070 102419 102289 102721 3683 100089 101134 101696 4906
884 5060 102307 102204 102810 3670 100054 101064 101671 4893
885 5045 102381 102229 102895 3687 100185 101193 101830 4918
886 5041 102397 102156 102993 3689 100464 101159 101788 4900
887 5036 102524 102073 103111 3682 100465 101228 101842 4890
888 5018 102371 101918 103059 3667 100502 101176 102124 4881
889 5008 102624 101687 103300 3654 100628 101347 102465 4876
890 5005 102427 101401 103116 3643 100439 100976 102129 4870
891 4992 102421 101189 103220 3642 100113 101081 102093 4855
892 4980 102419 101430 103442 3638 100259 101126 102311 4838
893 4975 102468 101469 103528 3625 100239 101455 102435 4815
894 4967 102366 101541 103618 3611 100369 101390 102173 4802
895 4959 102466 101759 103530 3612 100250 101337 101763 4785
896 4984 102387 102018 103309 3604 100634 101247 101876 4783
897 4975 102178 102053 103309 3617 100544 101332 101767 4803
898 4963 102151 101928 103006 3647 100687 101421 101365 4827
899 4965 101755 101905 102910 3637 100635 101501 101235 4812
900 4953 101690 101963 102800 3628 100599 101697 101393 4841
901 4960 101585 101858 102731 3639 100900 101942 101259 4879
902 4961 101772 101989 102863 3623 100936 102204 101155 4867
903 4952 101890 101918 102805 3613 101078 102212 101264 4864
904 4966 101791 102022 102841 3613 101471 102355 101270 4866
905 4959 102191 101863 102922 3601 101658 102238 101219 4854
906 4955 101959 101816 102844 3589 101558 102405 101551 4851
907 4942 101941 102109 102924 3578 101739 102529 101910 4839
908 4945 102169 101718 102802 3575 101940 102759 102072 4828
909 4931 102322 101618 102509 3558 101891 102852 102248 4829
910 4927 102295 101890 102606 3571 102003 102818 102412 4836
911 4914 102382 101919 102609 3575 102199 103132 102382 4823
912 4900 102366 101815 102601 3555 102556 103254 102441 4819
913 4893 102347 101755 102460 3534 102510 103260 102515 4818
914 4875 102432 101736 102896 3507 102427 103149 102675 4801
915 4869 102450 101795 102765 3500 102520 103005 102555 4797
916 4863 102312 101772 102501 3520 102769 103253 102565 4797
917 4890 102209 101521 102548 3522 102606 103376 102664 4785
918 4891 102168 101608 102489 3519 102911 103218 102891 4782
919 4903 102161 101443 102705 3510 103311 103439 102783 4795
920 4905 102139 101203 102680 3495 102866 103233 102765 4788
921 4915 101972 101139 102668 3486 102954 103174 102820 4772
922 4915 102246 101218 102668 3491 103181 103396 103160 4776
923 4938 102016 101139 102747 3496 103024 103346 103221 4779
924 4933 102084 101224 102800 3508 103216 103436 103406 4774
925 4929 101963 101293 102849 3505 103297 103402 103226 4789
926 4948 102082 101264 102759 3521 103135 103232 103032 4778
927 4958 101788 101530 102613 3525 103220 103321 102998 4762
928 4967 101739 101543 102737 3555 103367 103295 103180 4767
929 4959 101886 101013 102759 3566 103470 103300 103298 4775
930 4962 102183 101321 102927 3576 103482 103518 103534 4791
931 4965 102048 101366 102670 3566 103640 103536 103748 4782
932 4970 102169 101819 102613 3557 103670 103425 103689 4839
933 4981 102238 101563 102704 3551 103732 103318 103666 4863
934 4980 102302 101837 102760 3553 103630 103343 103692 4874
935 4979 102454 102029 102854 3536 103504 103217 103841 4872
936 4972 102193 101822 102580 3530 103459 103043 103761 4874
937 4976 102253 101756 102537 3523 103326 103082 103904 4879
938 4969 102655 101669 102710 3511 103369 103112 103722 4863
939 4971 102337 101742 102717 3504 103026 103016 103604 4855
940 4978 102204 101643 102789 3500 102851 103004 103501 4877
941 4986 102193 101608 102692 3478 102832 103057 103537 4880
942 4985 102448 101873 102518 3485 103052 103285 103613 4888
943 4981 102294 101662 102569 3484 103324 103587 103610 4882
944 4978 102049 101589 102569 3487 103205 103523 103665 4868
945 4965 101845 101441 102360 3488 103158 103504 103547 4868
946 4961 101745 101256 102172 3498 103079 103607 103772 4868
947 4982 101696 101099 102280 3491 103389 103739 103791 4861
948 4974 101393 100813 102085 3485 103368 103800 103788 4868
949 4954 101006 100822 101911 3488 103628 103694 103840 4875
950 4951 100999 100717 101854 3512 103562 103588 103704 4879
951 4947 101119 100757 101978 3527 103508 103563 103588 4919
952 4938 101398 100949 102199 3534 103490 103328 103550 4930
953 4938 101311 100836 102301 3524 103457 103459 103710 4923
954 4946 101393 101242 102401 3524 103411 103397 103417 4941
955 4937 101510 101290 102334 3537 103299 103783 103343 4927
956 4948 101515 101337 102348 3554 103289 103776 103376 4943
957 4944 101196 101407 102151 3590 103230 103631 103136 4973
958 4942 101053 101319 102093 3600 103093 103616 103206 5022
959 4938 101207 101596 102216 3602 103265 103525 103455 5018
960 4943 100985 101447 101933 3610 103135 103476 103595 5046
961 4924 101186 101667 101783 3610 103026 103397 103522 5146
962 4916 101367 101925 102050 3607 102973 103573 103666 5195
963 4916 101558 102158 101992 3596 102944 103665 103801 5251
964 4921 101421 101995 101668 3589 102846 103713 103896 5271
965 4911 101227 101780 101642 3571 102927 103748 104256 5279
966 4920 101237 101906 101523 3568 103134 103853 104156 5285
967 4907 101003 101801 101474 3558 102868 103907 104223 5281
968 4912 101163 101946 101470 3585 102720 103909 104212 5279
969 4921 101464 102111 101790 3587 102525 103899 103990 5284
970 4931 101647 102136 101896 3586 102536 103734 104030 5270
971 4948 101640 101949 101920 3584 102429 103534 103868 5257
972 4953 101584 102053 102079 3625 102330 103284 103860 5253
973 4967 101364 101909 101933 3614 102202 103266 103701 5245
974 4983 101526 102185 102017 3620 102339 103266 103757 5239
975 5003 101692 102196 102284 3611 102250 103385 103653 5233
976 4997 101657 102314 102314 3607 102381 103265 103556 5243
977 4986 101356 102263 102492 3601 102308 103002 103604 5230
978 4968 101117 102224 102549 3592 102054 103166 103681 5208
979 4972 100942 101903 102259 3572 102168 103074 103302 5215
980 4957 100736 101727 102272 3591 102258 103079 103487 5209
981 4964 100802 101656 102449 3572 102231 102997 103015 5190
982 4957 100451 101474 102247 3545 102316 103031 102869 5167
983 4963 100345 101664 102227 3548 102157 102984 102827 5165
984 4943 100684 101698 102048 3540 102164 102934 103101 5156
985 4948 100798 101666 101875 3531 101960 102936 103040 5157
986 4949 100927 101920 101675 3517 102342 103063 103382 5139
987 4982 100671 101776 101746 3512 102248 102871 102979 5126
988 4981 100764 101744 101562 3515 102295 102834 103182 5110
989 4974 100619 101450 101491 3505 102169 102747 103134 5092
990 4964 100785 101531 101546 3490 102187 102750 103155 5079
991 4972 100924 101615 101559 3477 102086 102966 103198 5059
992 4961 100986 101652 101710 3497 102121 103018 103279 5041
993 4973 101153 101814 101765 3512 102032 102988 103443 5059
994 4977 101332 101969 102197 3511 102377 102841 103573 5060
995 5001 101230 102076 102288 3546 102641 103009 103477 5079
996 5065 101172 102130 102217 3582 102622 102747 103174 5081
997 5093 101374 102216 102351 3579 102474 102591 103068 5083
998 5125 101457 102172 102350 3583 102421 102502 103144 5082
999 5127 101353 102288 102299 3600 102474 102466 103570 5078
1000 5152 101278 102208 102247 3605 102287 102336 103445 5069
