0 473 1046 1033 1046 425 1024 1084 971 450
1 481 1585 1768 1790 416 1647 1823 1621 457
2 513 2235 2528 2360 436 2187 2433 2424 490
3 540 2803 3080 2890 451 2756 2857 2743 505
4 561 3407 3602 3394 472 3386 3321 3203 522
5 581 3860 4248 4135 494 4113 4005 3750 555
6 641 4640 4932 4968 563 4999 4632 4600 633
7 677 5359 5654 5711 591 5633 5216 5614 674
8 726 6230 6470 6496 637 6387 5907 6228 717
9 771 7051 7114 7092 675 7124 6693 7065 761
10 829 7772 7962 7854 735 7722 7506 7859 828
11 871 8490 8613 8465 757 8717 8172 8455 870
12 936 9252 9467 9243 811 9091 8937 9169 932
13 978 9991 10187 10081 844 9702 9727 9916 974
14 1066 10583 10826 10852 914 10169 10642 10652 1035
15 1143 11158 11501 11402 964 10870 11233 11323 1090
16 1211 11698 12303 12328 1027 11504 11719 11911 1163
17 1326 12541 13058 12920 1093 12038 12177 12296 1236
18 1396 13111 13382 13413 1150 12775 12775 12896 1321
19 1429 13686 14163 13853 1224 13372 13532 13435 1445
20 1502 14257 14747 14444 1295 13960 14021 14153 1530
21 1606 14693 15351 15022 1364 14592 14731 14423 1599
22 1695 15239 16147 15870 1428 15079 15078 15003 1673
23 1737 15994 16458 16355 1455 15473 15611 15651 1693
24 1802 16651 16970 16922 1516 16202 16502 16118 1756
25 1889 17334 17543 17493 1572 16967 17275 16746 1817
26 1930 18053 18023 18145 1594 17475 17605 17326 1846
27 1998 18358 18772 18532 1650 17837 18111 17888 1939
28 2032 19037 19341 18985 1671 18478 18712 18582 1980
29 2073 19371 19754 19676 1725 18923 19264 19239 2055
30 2113 20012 20331 20420 1742 19523 19810 19924 2094
31 2146 20898 20689 20924 1737 20242 20567 20723 2114
32 2172 21308 20954 21534 1746 20441 20923 21154 2137
33 2201 21731 21602 21993 1777 20942 21613 21761 2163
34 2216 22020 22058 22687 1790 21403 21850 22089 2177
35 2237 22172 22563 23108 1798 21880 22072 22563 2191
36 2271 22762 22840 23587 1818 22582 22577 23052 2212
37 2292 23214 23459 23933 1827 23246 23169 23632 2222
38 2299 23938 23916 24630 1837 23933 23940 24328 2240
39 2306 24381 24408 24944 1861 24339 24630 24806 2255
40 2324 24679 25037 25534 1872 24914 24903 25128 2263
41 2341 25072 25386 26115 1894 25503 25340 25600 2280
42 2348 25643 25681 26291 1909 25889 25591 26175 2314
43 2361 25800 26198 26720 1923 26233 26015 26355 2343
44 2358 26435 26511 27071 1948 26678 26349 26798 2363
45 2370 26652 26862 27138 1971 26950 26922 27122 2378
46 2408 26917 27194 27794 1980 27448 27368 27459 2392
47 2434 27707 27616 28291 1992 27788 27657 27749 2399
48 2442 28089 28209 28845 1993 28043 28041 28194 2410
49 2452 28586 28759 29514 2002 28420 28475 28638 2437
50 2477 28957 29304 29864 2037 28812 28941 28942 2460
51 2503 29319 29828 30385 2051 29230 29475 29457 2523
52 2525 29707 30179 30602 2083 29592 29711 29822 2574
53 2558 30066 30613 31100 2100 30164 30012 30519 2645
54 2615 30547 30927 31438 2161 30585 30621 31045 2706
55 2667 30792 31455 31873 2206 31031 31174 31356 2802
56 2695 31354 31933 32071 2213 31630 31613 31632 2837
57 2712 31695 32026 32499 2235 32079 31985 31855 2869
58 2764 31941 32136 32869 2260 32501 32314 32406 2892
59 2819 32039 32620 33092 2284 32741 32731 32692 2942
60 2868 32339 33002 33713 2312 33027 33187 33017 2969
61 2877 32568 33533 34081 2320 33526 33556 33549 2974
62 2891 33131 34114 34599 2316 33852 33922 33938 2990
63 2924 33796 34334 34853 2323 34157 34063 34272 3027
64 2929 34276 34780 35408 2329 34397 34416 34541 3044
65 2952 34704 34983 35681 2329 34635 34612 35157 3054
66 2965 35150 35307 36142 2322 35036 35104 35548 3051
67 2970 35494 35463 36634 2328 35286 35270 35929 3061
68 2978 36072 36052 36977 2325 35901 35847 36422 3077
69 2994 36493 36480 37381 2335 36111 36223 36743 3093
70 2994 37034 36973 37942 2350 36415 36728 36996 3118
71 3017 37658 37154 38189 2383 36548 37146 37238 3127
72 3014 37815 37516 38420 2393 36962 37577 37776 3135
73 3051 37901 37660 38672 2418 36966 37689 37686 3167
74 3077 38245 38238 39004 2438 37236 37960 38048 3187
75 3117 38797 38799 39561 2475 37845 38454 38535 3199
76 3129 39148 39302 40196 2476 38219 38503 38823 3228
77 3159 39857 39882 40404 2489 38586 38752 39151 3307
78 3178 40331 40236 40861 2493 38821 39095 39355 3339
79 3198 40513 40556 41219 2519 39224 39460 39619 3386
80 3224 41023 40945 41590 2515 39601 39604 39992 3392
81 3233 41189 41258 41786 2540 40010 39845 40516 3447
82 3257 41150 41394 42001 2558 39843 40410 40755 3455
83 3282 41651 41873 42338 2568 40303 40901 41200 3496
84 3325 41890 42044 42655 2590 40870 41181 41643 3541
85 3325 42253 42548 43174 2605 41169 41597 41885 3576
86 3348 42740 42881 43556 2617 41485 41959 41999 3601
87 3375 43124 43269 43830 2629 41829 42109 42404 3596
88 3399 43344 43728 44311 2659 42298 42523 42789 3613
89 3412 43738 44066 44324 2680 42535 42659 42890 3615
90 3427 44034 44334 44506 2687 42925 43033 43116 3609
91 3467 44327 44572 44743 2700 43474 43317 43632 3614
92 3487 44746 45077 45127 2717 43689 43331 43745 3631
93 3528 45099 45452 45233 2749 43686 43490 43981 3696
94 3559 45501 45885 45676 2768 44057 43907 44279 3730
95 3565 45777 45879 46107 2790 44175 44174 44429 3773
96 3629 46099 46222 46433 2792 44360 44548 44687 3777
97 3669 46416 46518 46704 2812 44594 44971 45072 3786
98 3698 46680 46743 47112 2839 44992 45531 45565 3796
99 3762 46970 46906 47087 2850 45482 46037 45944 3801
100 3800 47431 47187 47435 2872 45910 46257 46248 3837
101 3840 47591 47704 47934 2885 46575 46536 46642 3842
102 3861 47951 48055 48161 2908 47098 46855 46929 3863
103 3888 48303 48478 48314 2918 47081 47168 47075 3879
104 3887 48551 48811 48635 2945 47292 47386 47323 3889
105 3882 48668 49027 48899 2957 47696 47687 47458 3893
106 3904 49186 49523 49472 2982 47766 47820 47714 3906
107 3905 49386 49727 49633 2982 48073 48099 47832 3915
108 3941 49408 49938 49939 3020 48449 48465 48204 3930
109 3940 49552 50303 50243 3014 48609 48492 48321 3951
110 3956 49722 50482 50576 3023 48890 48610 48604 3976
111 3961 50004 50624 50792 3013 49316 49012 49008 3968
112 3997 50590 51173 51240 3028 49480 49333 49266 3963
113 4050 50871 51762 51709 3078 49940 49829 49716 3974
114 4117 51282 52087 51948 3101 50269 49936 50029 3969
115 4153 52003 52578 52323 3106 50414 50245 50341 3973
116 4160 52028 52936 52805 3110 50552 50053 50251 3966
117 4207 52367 53374 53032 3110 50772 50172 50301 3961
118 4215 52272 53485 53347 3100 50822 50299 50562 3965
119 4207 52626 54014 53780 3089 51414 50743 50915 3955
120 4182 52968 54099 53877 3079 51843 51261 51270 3947
121 4176 53253 54360 54218 3070 52359 51629 51721 3935
122 4160 53426 54791 54219 3061 52383 51882 52184 3922
123 4157 53902 55123 54407 3058 52763 52351 52660 3936
124 4167 54248 55283 54887 3046 53103 52642 52854 3932
125 4167 54661 55774 55487 3035 53765 52983 53388 3936
126 4191 55149 56140 55874 3061 53922 53114 53670 3934
127 4197 55749 56297 56160 3080 54517 53524 54219 3934
128 4200 56021 56455 56552 3084 54637 54040 54409 3932
129 4209 56120 56761 56761 3103 55014 54263 54472 3955
130 4250 56533 57174 57083 3182 55230 54428 54795 4010
131 4314 56611 57423 57114 3207 55776 54803 55357 4025
132 4335 56826 57568 57503 3221 56021 55293 55315 4026
133 4435 57038 57809 57617 3256 56096 55779 55841 4058
134 4497 57481 57941 58074 3259 56522 56017 56057 4080
135 4539 57567 58175 58307 3275 56921 56401 56137 4103
136 4538 57964 58580 58550 3289 57173 56580 56406 4123
137 4543 58089 58757 58861 3266 57317 56719 56604 4150
138 4526 58535 58987 59074 3265 57579 56906 57003 4178
139 4562 59031 59288 59575 3235 57757 57199 57465 4180
140 4585 59393 59474 59659 3243 57931 57551 57536 4188
141 4587 59525 59480 59692 3267 58289 57784 57962 4196
142 4577 59892 59735 60188 3257 58457 58129 58372 4201
143 4585 60092 59711 60076 3255 58918 58677 58795 4188
144 4565 60492 59998 60410 3233 59198 58793 58925 4183
145 4552 60725 60294 60761 3229 59641 59267 59078 4163
146 4570 61182 60603 61033 3236 59648 59500 59196 4176
147 4579 61238 60821 61106 3233 59793 59683 59587 4183
148 4551 61338 60949 61398 3220 60211 59907 60009 4202
149 4565 61577 61085 61652 3219 60442 60235 60518 4218
150 4576 61705 61550 61995 3201 60829 60216 60755 4206
151 4571 62052 61902 62481 3201 60960 60576 60838 4207
152 4559 62410 62297 62868 3206 61140 61006 61207 4227
153 4563 62526 62499 63090 3203 61399 61200 61701 4219
154 4609 62931 62764 63534 3230 61616 61487 62212 4230
155 4608 63241 62999 63622 3250 61692 61564 62533 4262
156 4596 63628 63010 64003 3256 61909 61859 62768 4280
157 4586 63994 63548 64462 3279 62074 61950 63119 4306
158 4602 64194 63718 64582 3307 62282 62049 63191 4290
159 4601 64617 64061 64576 3308 62835 62289 63605 4283
160 4604 64662 64162 64500 3287 63081 62712 63764 4289
161 4615 64740 64523 64779 3288 63256 62838 63819 4276
162 4620 64842 64466 64914 3282 63341 62995 64074 4277
163 4610 64867 64695 65053 3297 63558 63101 64398 4267
164 4611 65040 64925 65377 3271 63836 63141 64673 4256
165 4611 65227 65341 65784 3246 64069 63420 64942 4261
166 4616 65593 65434 66078 3246 64592 63617 65318 4245
167 4604 65943 65823 66331 3237 64941 63793 65493 4235
168 4601 66250 65939 66688 3256 65228 64182 65750 4242
169 4581 66562 66417 66995 3229 65630 64481 65876 4238
170 4568 67047 67041 67257 3219 66006 64767 66163 4230
171 4562 67423 67235 67605 3211 66200 65153 66418 4233
172 4556 67664 67376 67651 3199 66474 65443 66714 4216
173 4559 67845 67772 67983 3194 66830 65736 66908 4200
174 4608 68257 68026 68409 3223 67113 65782 67075 4203
175 4591 68390 68128 68670 3213 67379 66029 67282 4238
176 4583 68500 68521 69008 3210 67427 66409 67353 4242
177 4589 68826 68634 69177 3198 67679 66503 67430 4228
178 4574 68990 69217 69365 3214 67861 66714 67612 4242
179 4578 69313 69418 69687 3218 68126 67093 67972 4299
180 4592 69735 69489 69981 3217 68305 67462 68442 4289
181 4607 69977 69881 70271 3253 68563 67722 68739 4309
182 4619 70364 70214 70708 3224 68680 67809 68969 4314
183 4641 70601 70595 70933 3230 68985 67971 69255 4304
184 4653 71105 70932 71353 3245 69234 68304 69507 4321
185 4643 71364 70980 71570 3229 69446 68516 69455 4311
186 4686 71470 71071 71280 3229 69484 68857 69472 4308
187 4680 71587 71331 71579 3228 69696 69151 69534 4333
188 4688 71965 71730 72014 3234 69802 69644 69659 4344
189 4706 72031 71987 72064 3232 69901 69701 69956 4361
190 4711 72187 72017 72406 3209 70005 69944 70196 4366
191 4693 72706 72054 72619 3189 70305 70262 70673 4356
192 4710 72634 72343 72622 3195 70454 70588 70910 4389
193 4704 73077 72717 72947 3207 70834 70864 71105 4426
194 4684 73159 72733 73150 3207 71134 71060 71533 4446
195 4708 73278 73055 73295 3242 71297 71271 71600 4491
196 4687 73244 73028 73493 3236 71363 71272 71623 4529
197 4685 73379 73306 73825 3242 71652 71460 71968 4514
198 4675 73675 73602 74001 3226 71956 71643 72127 4524
199 4662 73741 73993 74221 3227 72137 71635 72102 4553
200 4642 73941 74438 74288 3220 72320 71952 72251 4552
201 4625 74137 74715 74341 3202 72407 72105 72348 4557
202 4605 74111 74881 74364 3191 72485 72300 72479 4551
203 4604 74602 75065 74465 3162 72545 72156 72497 4541
204 4595 74725 75391 75028 3151 72649 72264 72734 4526
205 4610 74703 75368 75091 3166 72601 72236 72762 4519
206 4603 74775 75400 75224 3152 72604 72523 72503 4496
207 4596 74941 75566 75154 3141 72793 72723 72784 4489
208 4592 74866 75776 75417 3161 72947 72975 73230 4493
209 4601 75038 76017 75686 3199 72907 73041 73365 4523
210 4599 75549 76258 76278 3213 73273 73243 73493 4534
211 4580 75651 76479 76673 3204 73218 73288 73604 4561
212 4604 75681 76622 76743 3206 73338 73535 73946 4579
213 4606 75693 76948 76863 3237 73795 73565 73868 4590
214 4648 75709 76946 76942 3251 73909 73849 74251 4622
215 4661 75825 77095 76981 3266 74121 73774 74299 4631
216 4696 75821 77092 76822 3269 74427 74176 74726 4629
217 4775 75860 77227 76771 3284 74805 74237 74919 4636
218 4799 75898 77422 76905 3303 75051 74356 75235 4626
219 4834 76070 77553 77109 3293 75402 74648 75441 4631
220 4863 76382 77665 77395 3303 75333 74634 75410 4652
221 4896 76437 77458 77395 3336 75871 74676 75815 4654
222 4929 76546 77756 77449 3335 76073 75082 75934 4683
223 4980 76647 78010 77774 3355 76300 75436 76111 4680
224 4989 76839 78128 77890 3370 76694 75696 76460 4699
225 4986 77152 78233 78081 3383 76891 75750 76392 4682
226 4988 77196 78287 78072 3387 77037 75828 76435 4730
227 4991 77362 78533 78209 3392 76984 75806 76550 4745
228 4973 77405 78542 78684 3413 77277 75988 76742 4784
229 4958 77460 78616 78650 3432 77449 76342 77035 4787
230 4946 77679 78674 79209 3446 77496 76517 77057 4805
231 4932 77845 78898 79242 3452 77806 76844 77265 4807
232 4937 78038 79135 79525 3452 77775 76922 77435 4814
233 4972 78351 79419 79898 3434 78067 76978 77425 4810
234 5042 78727 79857 80181 3455 77860 77117 77361 4823
235 5029 78876 79828 80489 3423 77931 77145 77425 4825
236 5019 79158 80134 80677 3414 78020 77508 77752 4826
237 5005 79252 80300 80613 3423 77853 77489 77776 4815
238 4991 79174 80462 80376 3437 77949 77838 77908 4806
239 4986 79457 80616 80508 3442 78321 77964 78057 4803
240 4969 79586 80734 80818 3459 78531 78443 78094 4844
241 4947 79789 80901 80891 3441 78833 78766 78375 4844
242 4947 79912 81015 80995 3440 78780 78824 78822 4836
243 4939 80235 81142 81126 3454 79060 79237 79224 4828
244 4951 80156 80969 81238 3463 79357 79475 79479 4826
245 4934 80247 81133 81340 3447 79513 79579 79628 4832
246 4929 80284 81338 81166 3445 79841 79942 80106 4817
247 4906 80319 81413 81067 3420 80030 80361 80289 4798
248 4897 80497 81631 81121 3410 80328 80727 80898 4793
249 4891 80451 81537 81160 3388 80458 80898 81211 4782
250 4882 80571 81461 81398 3375 80908 81030 81502 4767
251 4922 81054 81588 81497 3373 81139 81132 81628 4750
252 4924 81299 81805 81644 3374 81364 81465 81889 4742
253 4930 81661 82328 81940 3402 81408 81645 81981 4729
254 4904 82017 82965 82298 3389 81426 81668 82030 4773
255 4905 82064 83097 82562 3389 81403 81629 82285 4802
256 4903 82403 83315 83138 3367 81680 81950 82612 4813
257 4895 82511 83365 83174 3351 81819 82120 82522 4803
258 4893 82748 83565 83588 3329 81980 82055 82703 4794
259 4881 82761 83306 83567 3317 82218 82000 83134 4800
260 4868 83102 83469 83784 3307 82227 82091 83129 4790
261 4858 83350 83655 84256 3295 82420 82315 83677 4770
262 4850 83690 84008 84490 3283 82924 82463 83933 4778
263 4891 83951 84341 84592 3332 82846 82454 83797 4774
264 4893 84360 84647 84635 3337 82777 82623 84022 4784
265 4898 84669 84668 84724 3347 82939 82774 83985 4793
266 4893 84704 84668 84845 3344 83241 82825 84225 4795
267 4874 84858 84653 84771 3325 83487 83123 84126 4792
268 4853 84969 85034 84889 3305 83835 83229 84424 4808
269 4832 85361 85210 85230 3290 83973 83341 84682 4810
270 4817 85133 85324 85265 3283 84180 83657 84910 4813
271 4879 85216 85407 85478 3301 84385 83917 85178 4821
272 4890 85351 85598 85812 3306 84537 84038 85428 4842
273 4918 85491 85662 85882 3319 84783 84381 85604 4836
274 4944 85575 85734 86051 3317 84757 84637 85866 4856
275 4956 85620 85833 86166 3326 85300 84777 85951 4857
276 4988 85748 85591 86223 3336 85466 84873 86119 4890
277 5005 86061 85873 86517 3351 85669 85300 86289 4906
278 4997 86144 85877 86357 3340 85539 85504 86423 4901
279 4998 86468 85993 86666 3336 85621 85276 86354 4917
280 5009 86473 86152 86747 3343 85786 85390 86629 4899
281 5016 86497 86342 86809 3354 86143 85514 86831 4894
282 5009 86655 86437 87192 3336 86285 85843 86850 4882
283 5016 86790 86638 87589 3319 86022 85948 86964 4909
284 5012 86670 87044 87608 3321 86062 85906 86824 4926
285 5006 87011 87357 87860 3341 86072 86235 87096 4918
286 4984 87316 87656 88095 3316 86072 86132 87044 4909
287 4991 87558 88018 88379 3334 86067 86330 86928 4920
288 5005 87533 88451 88400 3348 86470 86736 86926 4936
289 5022 87844 88795 88707 3375 86390 87016 86928 4922
290 5018 88003 88785 88703 3393 86672 87150 87212 4945
291 5017 88207 89051 88958 3384 86678 87289 87343 4941
292 5025 88376 89233 89231 3378 86884 87140 87404 4942
293 4998 88554 89348 89390 3395 87199 87536 87648 4943
294 4990 88450 89302 89523 3399 87151 87382 87683 4948
295 4989 88755 89288 89747 3400 87589 87511 87960 4925
296 4960 89021 89469 89773 3388 87765 87645 88019 4921
297 4951 89077 89694 89993 3389 87955 87820 88297 4912
298 4922 89102 89647 90288 3382 87865 87739 88178 4909
299 4891 89177 89859 90211 3346 88004 87983 88423 4881
300 4877 89067 90105 90296 3336 88064 88094 88596 4858
301 4862 89247 90259 90482 3310 88511 88363 88897 4853
302 4846 89081 90320 90503 3283 88455 88202 88965 4828
303 4822 89273 90422 90730 3277 88661 88312 89002 4811
304 4807 89455 90550 90628 3255 88742 88325 89143 4782
305 4782 89637 90666 90836 3247 88977 88613 89268 4773
306 4771 89659 90962 90957 3254 89263 88818 89390 4786
307 4757 89802 91205 91066 3265 89491 88981 89545 4791
308 4777 90098 91745 91233 3281 89468 88731 89704 4790
309 4776 90291 91922 91603 3274 89485 88965 89670 4783
310 4754 90450 92148 91725 3249 89528 89388 89874 4766
311 4745 90656 92251 91931 3249 89744 89772 90210 4763
312 4741 90449 92245 91751 3236 89820 89792 90196 4753
313 4727 90530 92191 91917 3235 89551 89879 90198 4746
314 4727 90700 91996 91696 3237 89856 89983 90339 4728
315 4740 91074 91954 91998 3241 90120 90107 90556 4714
316 4729 91152 91969 92209 3253 90372 90133 90783 4724
317 4730 91193 92279 92252 3260 90553 90398 91137 4753
318 4703 91152 92243 92231 3237 90780 90623 91291 4735
319 4688 91409 92353 92435 3224 91038 90917 91630 4752
320 4699 91258 92224 92347 3208 90977 90704 91405 4754
321 4705 91530 92411 92317 3205 90864 90647 91662 4755
322 4700 91664 92398 92281 3220 90777 90786 91535 4778
323 4682 91728 92370 92423 3207 90987 90864 91543 4780
324 4668 91699 92673 92630 3200 91253 91045 91711 4801
325 4662 91991 92809 92635 3190 91265 91245 91867 4801
326 4665 92069 92901 92575 3191 91312 91155 91665 4815
327 4674 92380 93027 93116 3192 91394 91114 91940 4817
328 4683 92412 92829 93240 3201 91376 91077 91758 4834
329 4690 92268 92865 93209 3222 91517 91237 91893 4858
330 4711 92303 93364 93447 3257 91367 91162 91947 4879
331 4716 92223 93528 93509 3272 91605 91291 92020 4894
332 4717 92645 93647 93921 3281 91435 91217 92069 4889
333 4746 92613 93736 93764 3288 91676 91404 92144 4875
334 4768 92558 94011 93822 3283 92166 91631 92326 4859
335 4752 92418 94088 94005 3262 92380 92008 92354 4839
336 4741 92347 94160 93900 3270 92138 92068 92383 4829
337 4730 92409 94284 93894 3263 92474 92196 92668 4803
338 4717 92511 94328 93828 3258 92392 92060 92760 4798
339 4704 92657 94386 93852 3251 92836 92077 92984 4792
340 4708 92481 94325 93901 3262 92712 92509 93018 4791
341 4707 92695 94640 93958 3310 92941 92522 93281 4895
342 4725 92872 94689 94077 3318 93121 92748 93434 4906
343 4724 92663 95089 94004 3320 93533 93053 93636 4932
344 4721 92879 95103 94205 3316 93640 92993 93733 4927
345 4709 92915 95021 94251 3293 93671 93173 94022 4956
346 4695 93144 94981 94379 3267 93839 93094 94161 4933
347 4688 93185 94580 94357 3258 94009 93177 94347 4926
348 4659 93211 94961 94291 3248 94247 93334 94349 4917
349 4658 93286 94921 94769 3232 94356 93589 94643 4899
350 4667 93302 94957 94953 3252 94499 93591 95011 4898
351 4665 93230 94909 95080 3295 94485 93935 95029 4940
352 4656 93385 94858 95052 3306 94476 93966 95112 4933
353 4637 93696 95244 95171 3345 94797 94140 95353 4970
354 4642 93520 95137 95231 3346 95301 94330 95444 4963
355 4668 93671 95414 95076 3360 95328 94395 95584 4957
356 4667 93630 95613 94998 3370 95590 94568 95706 4954
357 4665 93652 95571 95014 3363 95802 94898 95982 4928
358 4648 93676 95561 94935 3367 95991 95117 96041 4904
359 4635 94007 95590 95005 3344 95955 95108 96119 4887
360 4620 94035 95767 95152 3317 95864 94949 96168 4863
361 4606 94035 95670 95327 3311 95835 95023 96207 4844
362 4594 94499 95951 95605 3289 95970 95029 96402 4833
363 4576 94691 96313 95604 3269 95869 95222 96431 4828
364 4587 94847 96390 95614 3306 95876 95061 96515 4830
365 4579 95383 96614 95849 3281 96026 95225 96463 4810
366 4574 95436 96858 96081 3267 96272 95412 96748 4795
367 4571 95681 96975 96339 3267 96509 95465 96911 4791
368 4591 95831 97010 96384 3278 96524 95566 97131 4806
369 4591 95633 97174 96172 3301 96517 95675 97243 4811
370 4581 95945 96818 96250 3291 96562 95936 97295 4799
371 4587 95955 96896 96382 3291 96739 96057 97379 4797
372 4592 96250 97315 96618 3277 97077 96355 97502 4776
373 4585 96523 97290 96551 3271 97227 96220 97595 4755
374 4594 96742 97421 96694 3272 97482 96566 97545 4770
375 4626 96789 97415 96916 3300 97008 96363 97369 4801
376 4642 96944 97322 97054 3303 97204 96552 97460 4832
377 4624 96918 97214 96927 3291 97256 96526 97419 4835
378 4621 97191 97445 97259 3295 97280 96574 97294 4872
379 4627 97182 97640 97235 3293 97331 96646 97211 4867
380 4606 97358 97744 97477 3284 97230 96570 97308 4864
381 4593 97741 98123 97896 3260 97246 96642 97437 4861
382 4578 97897 98239 98024 3255 97248 96869 97197 4862
383 4581 97676 98071 97782 3246 97211 96850 97111 4846
384 4602 97650 97970 97751 3260 97053 96541 96956 4828
385 4594 97721 98248 97955 3248 96962 96774 97010 4822
386 4592 97910 98651 98138 3246 96916 96886 96965 4829
387 4585 98161 98877 98306 3261 96821 97031 96935 4830
388 4580 98155 98900 98194 3265 96814 97046 97029 4834
389 4586 98357 98833 98081 3285 96854 97343 97157 4833
390 4610 98614 98832 98107 3293 96710 97245 96945 4833
391 4602 98502 99081 98171 3288 96453 97358 97321 4821
392 4599 98433 99288 98310 3303 96495 97428 97356 4826
393 4591 98745 99440 98454 3289 96880 97525 97392 4832
394 4571 98921 99617 98565 3302 96935 97697 97610 4843
395 4579 99008 99779 98635 3316 96767 97868 97672 4864
396 4580 99082 99774 99070 3311 96887 97826 97845 4846
397 4578 99024 99820 99342 3302 96893 97518 97813 4843
398 4569 99023 100003 99333 3266 97035 97376 97623 4834
399 4553 99267 100133 99494 3273 96950 97502 97698 4842
400 4580 99056 99953 99643 3266 97324 97655 97754 4836
401 4587 98939 99971 99786 3257 97407 97986 97975 4825
402 4583 99104 100001 99546 3248 97727 98014 98150 4814
403 4582 99334 99984 99615 3252 97650 98138 98265 4816
404 4573 99183 100223 99969 3268 97433 98179 98214 4846
405 4592 99377 100364 100122 3254 97623 98264 98568 4839
406 4575 99383 100441 100425 3233 97749 98256 98663 4824
407 4561 99579 100750 100454 3222 97673 98334 98787 4826
408 4555 99555 100797 100652 3236 97733 98285 98981 4857
409 4556 99438 101076 100758 3239 97938 98426 99123 4865
410 4576 99511 101072 100727 3244 98264 98636 99202 4850
411 4572 99575 101026 100636 3227 98549 98894 99400 4841
412 4605 99723 101023 100487 3244 98565 98902 99604 4835
413 4636 99928 101230 100697 3263 98909 99209 99905 4832
414 4630 99831 101203 100703 3258 99115 98833 99981 4835
415 4628 100262 101158 100739 3252 99448 98937 99890 4840
416 4622 100245 101338 100887 3259 99440 99338 100174 4847
417 4600 100355 101683 101206 3266 99672 99629 100337 4858
418 4642 100214 101543 101288 3276 99911 99793 100569 4855
419 4660 100243 101328 101146 3287 100164 100260 100584 4856
420 4667 100348 101293 101345 3294 100113 100348 100712 4860
421 4684 100167 101165 101156 3306 100278 100422 100943 4860
422 4670 100214 101181 100935 3308 100315 100467 101269 4861
423 4673 100228 101309 100978 3319 100460 100620 101368 4884
424 4680 100372 101304 101018 3317 100369 100847 101352 4881
425 4725 100600 101607 100780 3322 100524 101125 101400 4870
426 4738 100448 101255 100865 3315 100746 101421 101784 4891
427 4776 100378 101319 100949 3316 100813 101524 101925 4873
428 4791 100775 101553 101018 3331 101200 101438 102220 4875
429 4813 101151 101786 101031 3351 101252 101487 102275 4891
430 4809 101254 101828 101142 3377 101517 101607 102487 4898
431 4841 101354 101761 101359 3424 101512 101576 102439 4904
432 4857 101427 101690 101207 3451 101756 101928 102619 4914
433 4858 101326 101701 101391 3460 101842 101945 102500 4929
434 4864 101548 101823 101466 3469 102034 101908 102381 4982
435 4857 101862 101919 101652 3497 102083 102301 102426 5040
436 4842 101999 102085 101903 3514 102096 102385 102613 5081
437 4851 102177 102543 102128 3531 102438 102668 102609 5139
438 4844 102303 102634 102306 3527 102011 102629 102618 5166
439 4858 102506 102852 102341 3529 101929 102545 102778 5181
440 4848 102634 103006 102324 3533 101859 102465 102444 5206
441 4843 102762 103086 102566 3538 102008 102335 102512 5200
442 4846 102888 103178 102687 3552 102079 102157 102428 5241
443 4830 103123 103636 102969 3541 102063 102288 102146 5229
444 4823 103248 103997 103012 3543 101852 102403 102095 5238
445 4819 103242 104106 103319 3545 101939 102391 101919 5232
446 4834 103321 104397 103339 3549 101723 102170 101838 5222
447 4816 103124 104411 103253 3535 101742 102270 101775 5211
448 4800 102972 104330 103243 3528 101728 102415 101896 5195
449 4795 103067 104504 103293 3521 101718 102525 101966 5182
450 4793 103287 104636 103392 3511 101948 102383 101860 5167
451 4792 103196 104636 103653 3505 102122 102456 102017 5154
452 4793 103477 104676 103878 3503 102266 102613 102144 5141
453 4794 103719 104692 104268 3489 102222 102519 102404 5116
454 4810 103769 104634 104494 3488 102335 102575 102336 5124
455 4842 103859 104490 104624 3474 102159 102470 102411 5129
456 4822 103950 104454 104644 3468 102147 102504 102460 5132
457 4842 103956 104572 104776 3488 102166 102564 102431 5165
458 4838 103972 104508 104937 3475 102178 102455 102393 5142
459 4818 103881 104277 104869 3473 102568 102716 102418 5152
460 4798 103805 103991 104630 3465 102473 102783 102363 5127
461 4775 103867 104170 104707 3441 102094 102847 102684 5098
462 4770 103857 104273 104890 3425 102233 103002 102730 5075
463 4744 103874 104544 104947 3393 102252 102975 102839 5054
464 4732 103956 104821 104977 3384 102477 103362 103057 5036
465 4724 103916 104765 105013 3367 102554 103326 102890 5013
466 4724 103881 104630 105175 3350 102517 103377 103030 5004
467 4707 104120 104724 105462 3340 102769 103418 103391 5023
468 4723 104311 104655 105529 3328 102994 103793 103710 5026
469 4755 104159 104573 105657 3361 102926 103912 103631 5037
470 4751 104279 104557 105588 3355 103094 104102 103757 5035
471 4731 104157 104507 105376 3346 103023 104109 103791 5012
472 4720 104193 104709 105240 3350 103170 103938 103708 5010
473 4697 104127 104910 105552 3336 103205 104040 103871 5008
474 4705 104290 105095 105853 3330 103293 104350 103932 4992
475 4721 104472 105295 105977 3352 103501 104396 104082 5007
476 4741 104550 105532 106109 3363 103743 104784 104501 5019
477 4767 104537 105496 106163 3371 104050 104773 104405 5033
478 4775 104553 105384 106159 3384 104238 105015 104680 5036
479 4836 104592 105512 105989 3406 104273 105206 104939 5037
480 4872 104534 105374 105820 3443 104367 105332 105058 5056
481 4871 104457 105189 105960 3433 104590 105433 104914 5035
482 4867 104328 104992 105940 3436 104650 105360 104966 5015
483 4860 104321 104987 105941 3432 104585 105394 104971 5034
484 4856 104371 104881 105853 3418 104395 105431 105063 5052
485 4842 104500 105064 105815 3405 104548 105597 105120 5040
486 4823 104504 105216 105971 3378 104490 105511 105457 5019
487 4818 104714 105533 106020 3384 104478 105468 105353 5026
488 4808 104648 105653 106413 3389 104537 105174 105218 5039
489 4824 104611 105476 106413 3375 104444 105076 105097 5019
490 4818 104515 105532 106220 3380 104523 105148 105036 5022
491 4824 104676 105376 106037 3372 104785 105284 104986 5025
492 4805 104562 105400 106079 3369 104970 105360 104864 5072
493 4787 104968 105413 106102 3373 104954 105444 105036 5061
494 4773 105217 105537 106266 3372 104979 105592 105331 5047
495 4754 105023 105489 106026 3370 105011 105926 105348 5038
496 4743 105346 105440 106052 3373 105208 106027 105493 5037
497 4743 105444 105631 105947 3368 105337 105790 105566 5041
498 4720 105482 105757 105983 3363 105602 106077 105667 5029
499 4743 105520 105960 105874 3362 105919 106213 105805 5032
500 4759 105645 106072 105810 3363 106051 106168 105939 5027
501 4771 105823 106227 106102 3377 106092 106273 106085 5021
502 4786 105677 106208 105989 3380 106303 106416 106180 5014
503 4788 105950 106064 106058 3390 106450 106378 106542 5006
504 4791 105836 106201 106078 3388 106495 106176 106571 5001
505 4809 105832 106215 106025 3402 106519 106195 106524 4992
506 4805 105950 106237 106320 3407 106617 106259 106453 4968
507 4811 105757 106475 106202 3414 106647 106411 106786 4978
508 4880 105679 106177 106374 3413 106779 106419 107016 4963
509 4897 105532 106102 106224 3427 107012 106491 107052 4945
510 4947 105359 105954 106175 3436 106805 106497 107105 4935
511 4993 105550 105978 106223 3447 106700 106440 106899 4923
512 4984 105654 106037 106189 3407 106790 106433 106897 4916
513 4984 105706 105771 106134 3414 106589 106448 106777 4906
514 4990 105721 105767 106178 3412 106611 106559 106859 4891
515 4992 105884 105784 106451 3415 106483 106872 106919 4890
516 5007 105867 105962 106664 3421 106440 106979 106797 4898
517 5005 105937 106101 106721 3447 106189 107048 106733 4890
518 5000 105816 106049 106696 3449 106358 107091 106623 4906
519 5005 105778 106262 106737 3449 106308 106965 106632 4908
520 4988 105826 106285 106909 3476 106332 107123 106496 4930
521 4990 105804 106590 107021 3507 106690 107224 106717 4936
522 5017 105814 106732 107131 3544 106826 107157 106639 4949
523 5008 105897 107106 107314 3546 107013 107194 107030 4949
524 4992 106101 107309 107690 3572 106815 107353 107240 4951
525 4981 106042 107061 107791 3565 106684 107633 106986 4936
526 5000 106376 107168 108035 3589 106888 107480 107131 4928
527 5008 106625 107099 108187 3582 106912 107334 107283 4906
528 5000 106878 107208 108128 3591 106748 107560 107043 4908
529 4986 106822 107204 108235 3591 106766 107511 106951 4896
530 4983 106873 107353 108552 3595 106416 107235 107027 4889
531 4963 106936 107524 108402 3582 106272 107167 107139 4882
532 4937 106742 107437 108407 3570 106240 107207 107119 4872
533 4932 107119 107721 108752 3582 106523 107192 107104 4871
534 4945 107301 107778 108625 3582 106512 107236 107131 4875
535 4956 107264 107986 108698 3587 106478 107219 107120 4889
536 4958 107050 108011 108572 3574 106525 107079 106793 4877
537 4968 107154 107828 108585 3602 106464 107080 106760 4867
538 4977 107414 107936 108547 3612 106614 107172 106805 4861
539 4961 107333 107936 108413 3629 106550 107295 106719 4851
540 4972 107474 108026 108472 3630 106521 107366 106843 4906
541 4954 107455 107790 108558 3603 106553 107165 106835 4914
542 4965 107730 108041 108578 3619 106631 107130 106947 4984
543 4963 107715 107992 108841 3608 106730 107452 107052 4983
544 4987 107687 107963 108565 3634 106895 107570 107079 5009
545 4972 107816 107825 108682 3648 106833 107738 107041 5044
546 4963 107904 107662 108939 3656 106887 107937 107198 5078
547 4972 108218 107668 109176 3663 106848 107774 107223 5106
548 4977 108301 107697 109310 3673 107277 107862 107452 5163
549 4973 108600 107703 109426 3687 107326 107767 107549 5191
550 4964 108682 107728 109262 3679 107414 107604 107691 5196
551 4966 108554 107547 109271 3664 107162 107674 108023 5181
552 4965 108677 107430 109239 3647 107196 107664 108155 5172
553 4963 108481 107664 109110 3637 107256 107797 108183 5166
554 4972 108661 107582 109072 3636 107548 107924 108481 5177
555 4967 108819 107570 109132 3621 107654 107930 108677 5159
556 4955 108908 107656 109109 3630 107718 108012 108855 5150
557 4994 108643 107728 108894 3648 107624 108004 108706 5159
558 4991 108601 107907 109061 3638 107551 107951 108789 5152
559 4982 108682 107827 109112 3638 107706 107953 108811 5196
560 4959 108667 107967 109309 3627 107558 107928 108452 5222
561 4949 108578 107872 109203 3658 107694 108228 108669 5255
562 4941 108548 107942 109208 3667 107780 108270 108749 5266
563 4954 108470 107781 109234 3697 107698 108484 108852 5280
564 5017 108457 107930 109190 3716 107541 108460 108674 5270
565 5033 108595 108164 109217 3715 107553 108473 108568 5263
566 5035 108577 108301 109359 3706 107421 108501 108623 5280
567 5048 108636 108363 109204 3707 107344 108529 108428 5279
568 5033 108882 108401 109466 3703 107493 108583 108503 5281
569 5040 108877 108682 109566 3706 107544 108691 108545 5256
570 5056 108805 108812 109651 3707 107645 108485 108553 5242
571 5054 108431 109038 109660 3694 107796 108506 108522 5241
572 5038 108426 108893 109675 3689 107712 108558 108554 5234
573 5030 108626 108817 109566 3658 107604 108642 108730 5214
574 5010 108608 108976 109912 3655 107598 108468 108655 5206
575 5005 108630 108926 109969 3634 107755 108657 108540 5191
576 4983 108602 108725 110040 3604 107887 108764 108759 5159
577 4963 108687 108937 110093 3590 108049 109018 108618 5142
578 4944 108807 108881 110279 3578 107928 109418 108987 5118
579 4933 108717 108735 110040 3572 107897 109391 109190 5103
580 4912 108854 108566 109979 3557 107997 109204 109319 5082
581 4886 109050 108836 109970 3538 107884 109187 109236 5068
582 4872 109212 108904 110307 3541 107860 109142 108925 5043
583 4863 109034 108841 110349 3527 107910 109077 109107 5046
584 4840 108884 108543 109977 3520 107958 109273 109304 5048
585 4853 108679 108615 110055 3535 108199 109181 109192 5055
586 4910 108901 108660 110224 3585 108183 109287 109214 5067
587 4906 108811 108586 110038 3589 108228 109133 109260 5075
588 4917 108784 108980 110184 3594 108462 109271 109133 5063
589 4900 108813 108807 110024 3586 108142 109142 109191 5044
590 4877 108705 108532 109981 3578 108178 109055 109537 5055
591 4855 108639 108656 109929 3570 108120 108968 109563 5043
592 4842 108697 108831 109994 3570 107947 109179 109486 5015
593 4834 108431 108619 109989 3556 107915 108723 109422 4990
594 4814 108087 108362 109746 3531 107995 108907 109618 4973
595 4804 107928 108296 109650 3521 107859 108894 109553 4949
596 4778 108033 108365 109669 3503 108191 108922 109409 4947
597 4761 108195 108518 109359 3498 108111 108738 109185 4936
598 4743 108080 108885 109159 3516 108268 108810 109028 4927
599 4730 108140 108756 109140 3531 108417 108879 109280 4913
600 4726 108218 108767 109144 3549 108372 108788 109141 4915
601 4724 108083 108472 109153 3535 108383 108568 109261 4895
602 4720 108028 108296 109045 3533 108408 108265 109165 4885
603 4706 108259 108090 108967 3530 108365 108326 109186 4894
604 4690 108318 108377 109328 3557 108470 108408 108890 4874
605 4697 108164 108333 109425 3552 108513 108331 108730 4859
606 4728 107790 108416 109423 3560 108280 108140 108659 4857
607 4746 108016 108489 109325 3573 108370 108006 108467 4873
608 4743 108029 108480 109162 3569 108468 107803 108597 4871
609 4787 108022 108594 109249 3582 108386 107778 108552 4899
610 4777 107977 108523 109144 3588 108131 107644 108331 4889
611 4802 108095 108674 109410 3656 108096 107675 108062 4971
612 4874 108004 108452 109169 3715 108047 107631 107887 5027
613 4954 107671 108170 108998 3793 107650 107535 107851 5109
614 4988 107550 108560 108998 3824 107740 107539 107726 5115
615 4987 107455 108226 108773 3834 107609 107323 107651 5124
616 4998 107506 108222 108731 3841 107662 107023 107459 5113
617 5010 107381 108128 108517 3858 107744 107052 107319 5126
618 5011 107314 107801 108324 3854 108020 107098 107535 5138
619 5015 107055 107896 108203 3846 107767 106965 107408 5129
620 5020 106948 107774 108067 3852 107917 107308 107180 5115
621 5014 106792 108161 108198 3847 107787 107218 107177 5120
622 4991 106694 107880 107830 3829 107809 106949 107294 5123
623 4983 106885 107961 107947 3812 107976 106965 107029 5115
624 4968 106733 107689 107877 3807 107788 106617 106957 5100
625 4946 106767 107613 107795 3784 107612 106725 106968 5075
626 4955 106596 107343 107544 3773 107377 106832 107072 5056
627 4969 106552 107165 107731 3762 107460 106637 107063 5073
628 4962 106596 107201 107654 3743 107531 106674 107214 5070
629 4943 106366 107065 107462 3726 107527 106492 107020 5058
630 4925 106180 106807 107590 3702 107450 106679 107068 5051
631 4932 106206 106734 107385 3713 107520 106420 106863 5069
632 4940 106314 106578 107500 3703 107479 106338 106915 5053
633 4936 106219 106793 107457 3698 107510 106398 106965 5050
634 4932 106327 106842 107461 3678 107435 106548 107086 5035
635 4919 106010 106603 107587 3661 107478 106427 107015 5027
636 4967 105759 106443 107445 3680 107575 106504 106875 5037
637 5012 105562 106385 107484 3692 107582 106496 107300 5069
638 5141 105578 106370 107774 3759 107439 106834 107308 5076
639 5228 105713 106447 107694 3808 107282 106939 107226 5099
640 5255 105672 106634 107693 3841 106993 106607 107368 5120
641 5316 105568 106639 107605 3862 106936 106477 107308 5137
642 5298 105704 106630 107495 3857 106893 106492 107218 5132
643 5334 105656 106405 107320 3862 106786 106080 106932 5125
644 5347 105533 106312 107504 3857 106505 105740 106626 5136
645 5406 105810 106787 107589 3828 106357 105718 106655 5121
646 5398 105906 106720 107750 3809 106134 105711 106228 5113
647 5411 105812 106511 107612 3802 106225 105782 106137 5095
648 5415 105766 106612 107668 3806 106033 105596 105808 5110
649 5410 105789 106850 107799 3786 106006 105532 105579 5091
650 5394 105831 106855 107610 3781 106240 105442 105687 5083
651 5401 105855 106971 107478 3786 106079 105432 105419 5106
652 5407 105820 106921 107442 3784 105662 105020 105220 5126
653 5395 105852 106881 107685 3774 105564 104982 105102 5133
654 5382 106087 107029 107523 3785 105603 104816 104823 5112
655 5370 106061 106932 107494 3769 105544 104648 104891 5086
656 5359 105950 107048 107356 3754 105553 104865 105022 5089
657 5327 105877 107020 107505 3725 105403 104842 104976 5073
658 5307 105787 106727 107520 3693 105642 104749 104900 5060
659 5320 105715 106614 107495 3700 105397 104646 105053 5046
660 5308 105728 106485 107372 3668 105513 104777 105334 5039
661 5304 105884 106716 107238 3656 105660 104690 105314 5032
662 5282 106009 106656 107098 3644 105483 104532 105117 5025
663 5280 106113 106527 107081 3653 105277 104534 105022 5051
664 5261 106107 106726 107007 3627 105248 104711 104975 5043
665 5281 106097 106837 106960 3626 105320 104636 104871 5034
666 5317 105801 106811 106762 3631 105332 104673 105082 5023
667 5308 105743 106592 106682 3634 105497 104631 104971 5014
668 5302 105517 106507 106482 3616 105046 104601 104853 5006
669 5322 105792 106496 106478 3622 105265 104658 104988 5020
670 5306 105929 106586 106543 3616 105262 104707 104786 5027
671 5290 105995 106814 106583 3615 105431 104771 104866 5022
672 5271 106067 106915 106540 3589 105012 104674 104652 5003
673 5290 106288 106870 106647 3595 105152 104655 104656 4999
674 5298 106509 106979 107264 3588 105256 104825 104870 5000
675 5307 106399 107033 107271 3594 105063 104773 104574 5006
676 5309 106137 107071 107295 3601 105120 104705 104576 5008
677 5312 106247 106971 106992 3592 104955 104436 104419 4999
678 5363 106245 106738 107164 3604 104673 104226 104497 5008
679 5340 106338 106608 107092 3590 104796 104219 104628 5003
680 5315 106352 106812 107163 3581 104652 104051 104670 4987
681 5307 106391 106774 107219 3567 104498 103995 104632 4962
682 5296 106504 106876 107134 3557 104398 103819 104685 4950
683 5284 106401 106801 107188 3544 104590 103793 104730 4945
684 5276 106616 106979 107063 3535 104532 103656 104458 4923
685 5258 106632 106959 107046 3534 104757 103693 104283 4925
686 5243 106722 107115 107068 3523 104654 103511 104248 4918
687 5225 106748 107166 107036 3512 104599 103502 103971 4921
688 5214 106725 107090 107094 3511 104528 103585 104076 4930
689 5203 106450 107184 106946 3494 104314 103369 103882 4928
690 5210 106394 106911 106933 3498 104381 103470 103880 4915
691 5227 106421 107198 106902 3494 104251 103494 104016 4901
692 5238 106498 106999 106784 3505 104257 103461 103891 4922
693 5225 106445 106869 106815 3515 104072 103546 103752 4905
694 5222 106255 106452 106750 3523 104105 103444 103746 4911
695 5216 106211 106364 106832 3518 104072 103405 104001 4934
696 5218 106147 106405 106722 3505 104107 103631 103963 4929
697 5213 105843 106152 106603 3517 104096 103662 104189 4931
698 5208 105820 106156 106640 3516 103776 103944 104257 4929
699 5205 106042 106338 106720 3532 103721 103730 104274 4936
700 5215 106243 106280 106888 3532 103621 103791 104223 4940
701 5206 106282 106260 106975 3530 103987 103916 104308 4927
702 5213 106356 106051 106974 3558 104284 104067 104659 4924
703 5182 106471 106210 106996 3531 104123 104050 104633 4903
704 5175 106476 106319 106980 3532 103900 103852 104511 4912
705 5156 106525 106306 107135 3521 104172 103835 104707 4917
706 5136 106627 106435 106985 3511 104308 103813 104658 4920
707 5130 106631 106631 106918 3485 104366 104011 104632 4901
708 5121 106391 106344 106650 3483 104327 103950 104723 4897
709 5116 106247 106527 106665 3503 104412 104172 104712 4898
710 5095 106465 106842 107090 3509 104531 104572 104802 4894
711 5080 106270 106844 106979 3489 104325 104294 104511 4890
712 5070 106489 106907 106912 3498 104426 104362 104406 4902
713 5053 106129 106711 106856 3484 104491 104355 104819 4903
714 5044 106019 106692 106722 3496 104556 104542 104904 4905
715 5041 106112 106640 106797 3497 104990 104719 104766 4901
716 5024 106190 106790 106788 3498 104969 104665 104618 4919
717 5001 106224 106849 106781 3507 104945 104786 104783 4920
718 5014 106144 106795 106641 3515 104978 104667 104539 4913
719 5057 105965 106537 106393 3556 104742 104511 104555 4936
720 5057 105985 106483 106359 3555 105036 104769 104461 4942
721 5088 106005 106499 106448 3606 105026 104627 104302 4939
722 5095 106039 106588 106624 3623 105105 104626 104320 4935
723 5123 105897 106204 106702 3630 105032 104659 104320 4924
724 5122 106006 106318 106656 3646 104775 104519 104586 4935
725 5130 105922 106114 106645 3661 104769 104402 104606 4936
726 5127 105935 106163 106554 3665 104913 104394 104721 4924
727 5115 105897 105974 106357 3652 105147 104389 104984 4916
728 5102 106096 105995 106283 3632 104842 104304 104983 4896
729 5102 105984 105875 106238 3628 104879 104253 105093 4912
730 5096 105949 106047 106450 3610 104733 104020 104621 4903
731 5094 106024 106039 106435 3606 104507 103818 104315 4903
732 5084 106017 106249 106458 3605 104373 103864 104028 4921
733 5096 105660 106333 106446 3618 104172 103590 104145 4923
734 5082 105612 106377 106550 3625 104275 103825 104393 4942
735 5102 105661 106523 106737 3663 104318 103834 104339 4944
736 5095 105671 106366 106380 3656 103974 103875 104333 4951
737 5093 105827 106270 106435 3698 104012 104033 104411 5001
738 5090 105611 106009 106366 3683 104108 104012 104210 4986
739 5092 105720 105968 106502 3698 104217 103953 104089 4995
740 5073 105498 105869 106311 3691 104292 104036 104271 5020
741 5056 105311 105908 106222 3690 104059 104169 104140 5063
742 5044 105453 105857 106338 3666 104179 104152 104150 5045
743 5039 105521 105786 106239 3667 104121 103974 104446 5072
744 5023 105538 105718 106074 3659 104334 103908 104417 5082
745 5011 105623 105793 106305 3642 104255 104104 103989 5078
746 5058 105647 105790 106190 3649 104175 104370 104163 5093
747 5042 105583 105612 106107 3639 103929 104312 104021 5087
748 5039 105325 105624 105951 3626 104211 104330 104351 5080
749 5049 105219 105411 106163 3624 104069 104329 104458 5076
750 5048 105500 105293 106258 3646 104189 104482 104295 5079
751 5052 105455 105382 106381 3628 104120 104015 104211 5063
752 5044 105768 105415 106431 3613 103974 104024 104110 5089
753 5030 105724 105261 106374 3632 103798 103766 103971 5130
754 5026 105707 105308 106356 3633 103728 103441 103863 5184
755 5038 105935 105300 106176 3634 103844 103592 103747 5191
756 5025 105659 105220 105717 3616 103677 103337 103798 5176
757 5011 105777 105363 106007 3589 103609 103317 103535 5165
758 4987 105976 105490 106196 3571 103594 103333 103521 5150
759 4983 105843 105540 106095 3566 103423 103232 103436 5132
760 4962 105686 105541 106266 3565 103717 103483 103669 5128
761 4945 105734 105491 106428 3552 103552 103623 103669 5117
762 4950 105856 105529 106351 3527 103687 103760 103914 5101
763 4966 105995 105720 106443 3518 103853 103691 103993 5091
764 4951 106047 105763 106433 3507 103888 103873 104102 5071
765 4941 105916 105942 106269 3510 104006 103747 104194 5080
766 4930 105834 106097 106407 3503 103968 103960 104321 5065
767 4929 106006 106030 106381 3500 103977 104133 104658 5047
768 4931 106011 106147 106589 3481 104131 104222 104548 5028
769 4912 106076 106275 106631 3466 104155 104048 104572 5027
770 4919 106162 106272 106429 3474 104019 104041 104625 5029
771 4925 105985 106293 106398 3481 103900 104185 104655 5043
772 4920 105963 106268 106384 3462 103828 104240 104591 5052
773 4920 106074 106253 106341 3479 103991 104199 104706 5060
774 4919 105952 106288 106532 3477 103809 104076 104785 5061
775 4929 105942 106347 106718 3498 104035 103924 104805 5089
776 4935 106199 106319 106715 3509 104086 103913 104888 5106
777 4931 106149 106203 106393 3507 103726 103912 104846 5125
778 4923 106259 106313 106598 3499 104038 103917 104721 5146
779 4914 106441 106621 106638 3490 103975 103897 104506 5142
780 4900 106610 106825 106753 3501 103939 104000 104221 5135
781 4915 106734 106712 106495 3497 103816 103646 103998 5129
782 4900 106568 106530 106766 3502 103931 103778 103678 5127
783 4902 106738 106746 106880 3525 104054 103637 103731 5128
784 4884 106587 106813 106610 3511 104120 103582 103695 5134
785 4874 106627 106680 106716 3547 103957 103772 103780 5146
786 4862 106608 106678 106720 3547 103806 103773 103594 5145
787 4854 106802 106648 106823 3570 104032 103784 103798 5163
788 4830 106922 106916 106748 3565 103935 103950 103973 5146
789 4847 106771 106654 106586 3576 104082 103850 103603 5128
790 4842 106589 106398 106364 3593 104165 103884 103352 5120
791 4864 106557 106331 106517 3581 103789 103903 103473 5106
792 4887 106470 106338 106376 3601 103787 104011 103565 5121
793 4896 106302 106421 106309 3582 103697 104078 103621 5114
794 4907 106390 106497 106550 3582 103833 104089 103782 5106
795 4898 106484 106407 106714 3586 103838 103931 103800 5101
796 4913 106492 106200 106635 3612 103922 104093 103682 5107
797 4918 106496 106328 106574 3593 103767 103899 103324 5113
798 4935 106599 106364 106605 3595 103864 103953 103590 5111
799 4956 106397 106328 106630 3595 103730 103819 103537 5093
800 4968 106757 106518 106803 3586 103698 103769 103633 5078
801 4961 106476 106290 107124 3574 103740 103940 103651 5059
802 4970 106884 106681 107227 3572 103722 103972 103702 5043
803 4963 106719 106729 107049 3572 103732 104086 103579 5030
804 4971 106879 106903 107115 3564 103465 103775 103169 5016
805 4954 106884 107011 107127 3548 103106 103765 103056 5014
806 4941 106952 107082 107094 3543 103168 103580 103026 5001
807 4926 106807 107120 107209 3536 102997 103299 102781 4981
808 4907 106758 107366 107412 3534 103071 103519 102617 4971
809 4876 106991 107328 107662 3545 102803 103405 102723 4974
810 4857 107022 107236 107530 3558 102654 103335 102649 4979
811 4854 107171 107421 107633 3559 102697 103311 102698 4967
812 4872 107360 107404 108007 3573 102880 103476 102839 4981
813 4870 107318 107312 108158 3560 102802 103541 102920 4983
814 4874 107322 107418 108022 3571 102495 103458 102879 4967
815 4898 107261 107284 107847 3592 102458 103572 102882 4957
816 4893 107202 107370 107771 3575 102433 103569 102721 4953
817 4884 107249 107375 107556 3564 102418 103674 102689 4951
818 4887 107240 107690 107719 3577 102328 103510 102519 4955
819 4901 107306 107693 107550 3585 102274 103359 102418 4967
820 4929 107332 107897 107625 3610 102184 103240 102430 4979
821 4948 107500 107922 107663 3605 102348 103323 102325 4994
822 4972 107487 107984 107767 3618 102393 103552 102474 5005
823 4962 107419 107745 107890 3601 102657 103391 102546 4995
824 4966 107341 107948 108013 3582 102758 103374 102543 4982
825 4963 107029 107951 108038 3601 102711 103244 102559 4982
826 4949 106831 108015 108142 3603 102789 103256 102586 4985
827 4937 107216 108055 108250 3580 102908 103346 102304 4973
828 4918 107173 108061 108250 3577 102789 103087 102361 4972
829 4900 107316 108124 108445 3581 102925 103298 102434 4968
830 4922 107558 108265 108646 3608 102895 103167 102496 5013
831 4920 107512 108476 108665 3592 102718 103123 102682 5009
832 4910 107517 108491 108572 3589 102528 103212 102768 5017
833 4893 107891 108486 108867 3589 102604 103210 102924 5011
834 4881 107969 108563 108724 3585 102344 102960 102769 5038
835 4864 108095 108484 108783 3571 102201 103057 102779 5025
836 4853 108040 108514 108464 3576 102393 103152 102648 5015
837 4848 108181 108368 108293 3561 102227 103261 102613 5001
838 4842 107912 108480 108284 3541 102223 103186 102496 4985
839 4843 108069 108520 108297 3537 102250 103246 102641 4963
840 4825 108023 108546 108180 3520 101986 103406 102879 4952
841 4829 108032 108720 108188 3500 102095 103150 102684 4933
842 4814 107916 108642 108260 3482 102109 103158 102842 4919
843 4812 108062 108590 108502 3478 102378 103075 102718 4904
844 4812 108126 108810 108419 3456 102426 103112 103029 4887
845 4795 108092 109052 108475 3445 102476 103272 103010 4880
846 4813 108066 108959 108458 3465 102650 103388 103060 4883
847 4801 107973 108883 108477 3457 102491 103211 102990 4890
848 4799 108216 109009 108852 3452 102661 103285 102963 4884
849 4785 108140 109041 109023 3447 102399 102980 102807 4889
850 4777 108226 109170 109147 3439 102359 103029 103024 4881
851 4797 108319 109474 109086 3474 102087 102832 102631 4927
852 4825 108351 109640 109253 3486 102209 102752 102602 4933
853 4850 108502 110184 109240 3490 101822 102630 102623 4930
854 4869 108767 109931 108965 3496 101853 102561 102238 4950
855 4858 108894 110147 109151 3493 101883 102666 102029 4949
856 4848 108849 110109 108858 3505 101892 102578 102118 4944
857 4839 108856 110058 108979 3490 101850 102536 102091 4936
858 4859 108910 110301 108983 3500 101855 102482 101854 4923
859 4863 108880 110260 109001 3486 101904 102381 101599 4907
860 4846 108835 109956 109011 3469 101855 102292 101703 4898
861 4831 108821 110015 109202 3469 101745 102156 101555 4894
862 4816 109067 110166 109427 3453 101616 102081 101453 4886
863 4806 108850 110170 109603 3463 101622 102045 101325 4874
864 4826 108966 110107 109644 3459 101590 101733 101078 4893
865 4818 109343 110123 109832 3448 101606 101853 100945 4903
866 4822 109217 109985 109602 3446 101306 101719 100901 4897
867 4822 109314 110193 109630 3440 101013 101567 100930 4878
868 4817 109409 110179 109559 3432 100676 101201 101012 4889
869 4812 109530 110089 109849 3436 100776 101349 100951 4890
870 4829 109574 110098 110082 3428 100453 101141 101051 4898
871 4834 109746 110195 109959 3444 100445 101019 101235 4920
872 4858 109896 110324 110052 3445 100411 101140 101266 4955
873 4886 109834 110459 110432 3464 100384 100930 101232 4971
874 4914 109801 110585 110622 3490 100189 101081 101323 4989
875 4907 109698 110315 110551 3502 100179 100834 101249 4998
876 4896 109791 110118 110528 3489 100152 100735 101216 4994
877 4887 109756 110118 110529 3483 100496 100619 101237 4992
878 4894 110084 110133 110579 3485 100666 100707 101232 5007
879 4919 110077 110295 110690 3478 100438 100816 101383 4994
880 4899 110098 110153 110582 3458 100634 100934 101754 5002
881 4892 110112 110366 110457 3455 100997 101155 101975 5008
882 4898 110084 110214 110213 3479 101095 101384 102581 5002
883 4892 109510 109765 110116 3484 101321 101681 102757 4992
884 4885 109434 109687 109933 3467 101330 101782 102739 4982
885 4902 109081 109429 109782 3472 101401 101972 103154 4986
886 4893 109149 109368 109550 3471 101566 102094 103155 4982
887 4885 108912 109394 109512 3464 101694 102120 103184 4977
888 4869 108849 109307 109558 3456 102323 102293 103318 4980
889 4854 108948 109121 109375 3418 102440 102600 103740 4967
890 4837 108793 109111 109124 3410 102532 102495 103504 4957
891 4823 108631 109002 109080 3402 102689 102664 103485 4959
892 4818 108846 109141 109196 3385 102871 102747 103757 4947
893 4795 108737 108987 109114 3372 103054 103218 103973 4934
894 4801 108738 108970 109131 3377 103044 103208 104051 4964
895 4785 108656 108738 109235 3373 102911 103217 103983 4966
896 4778 108833 109049 109360 3374 102991 103315 104290 4970
897 4765 108756 109034 109133 3369 103094 103460 104435 4972
898 4766 108642 108667 108953 3359 103117 103189 104275 4991
899 4750 108955 108826 108955 3364 103328 103352 104546 5017
900 4741 108979 108864 108685 3354 103273 103435 104450 4998
901 4732 108811 108681 108565 3355 103480 103666 104462 4996
902 4738 108722 108550 108669 3364 103647 103775 104702 4997
903 4732 108482 108519 108704 3376 103739 104025 104973 5011
904 4741 108555 108450 108699 3386 103937 104417 105068 5018
905 4774 108776 108325 108861 3393 104112 104387 105090 5019
906 4773 108716 108253 108682 3394 104179 104375 104984 5023
907 4788 108740 108138 108543 3400 103933 104335 105119 5009
908 4787 108598 108416 108719 3400 104288 104351 105462 5012
909 4785 108489 108351 108410 3402 104406 104605 105304 5032
910 4814 108212 108171 108303 3427 104353 104321 105234 5036
911 4852 108208 108323 108269 3424 104204 104212 105094 5015
912 4855 108436 108133 107927 3446 104010 104209 105313 5054
913 4848 108347 108238 107853 3437 104098 104265 105261 5056
914 4842 108296 108255 107826 3433 104184 104449 105417 5053
915 4841 108261 108091 107728 3437 103985 104378 105424 5067
916 4835 108294 108046 107762 3448 104103 104090 105380 5081
917 4827 108198 107891 107624 3462 104004 104139 105182 5127
918 4826 107974 107732 107441 3459 104028 104253 105054 5125
919 4821 108038 107826 107408 3457 104165 104134 105256 5132
920 4815 107759 107436 107580 3480 104307 104243 105436 5134
921 4806 107653 107139 107370 3489 104407 104350 105515 5128
922 4824 107407 106888 107202 3488 104261 104328 105616 5113
923 4816 107354 106993 107080 3476 104464 104615 105658 5102
924 4816 107247 106972 106879 3469 104821 104916 105799 5096
925 4807 107016 107034 106957 3473 104821 104711 105788 5085
926 4819 106840 107132 106879 3483 104726 104808 105623 5086
927 4803 106921 107476 106992 3476 104983 104592 105711 5073
928 4793 107196 107455 107008 3466 105258 104590 105771 5070
929 4786 107088 107186 106711 3453 105244 104652 105878 5063
930 4778 107225 107171 106624 3449 105139 104562 105859 5050
931 4757 107233 106954 106579 3435 105129 104517 105991 5031
932 4765 107220 107149 106663 3449 105212 104492 106100 5031
933 4766 107039 107114 106682 3450 105137 104520 105879 5038
934 4741 106854 107274 106273 3452 105338 104564 105706 5025
935 4729 106949 107140 106476 3453 105539 104764 105866 5028
936 4723 106887 107306 106547 3433 105414 104887 105962 5014
937 4726 106880 107389 106959 3445 105503 105072 105802 5001
938 4726 106818 107463 107048 3434 105432 105166 105862 4998
939 4721 106779 107509 106824 3443 105549 105561 105993 5008
940 4719 106405 107157 106596 3458 105585 105399 105874 5015
941 4723 106249 107235 106619 3456 105449 105348 105624 4998
942 4704 106071 107064 106601 3467 105330 105320 105687 4988
943 4716 106074 107079 106515 3455 105370 105352 105889 4971
944 4708 106000 106991 106419 3464 105679 105457 106132 4959
945 4717 106206 107133 106646 3474 105790 105498 106053 4961
946 4719 106239 107172 106815 3470 105697 105562 105873 4990
947 4717 106274 107502 106977 3468 105716 105441 106104 5046
948 4741 106364 107395 107138 3486 105649 105517 106193 5045
949 4740 106375 107318 107182 3515 105635 105496 106255 5053
950 4742 106453 107400 107487 3515 105762 105533 106299 5048
951 4752 106355 107478 107592 3538 105773 105511 106261 5046
952 4761 106453 107292 107547 3552 105573 105563 106191 5038
953 4758 106744 107433 107776 3548 105303 105784 106449 5017
954 4760 106601 107243 107658 3538 105574 106143 106457 4997
955 4756 106134 107251 107501 3526 105724 106164 106692 4984
956 4744 105685 107240 107387 3504 105768 106134 106599 4967
957 4760 105612 106990 107354 3505 105693 106195 106737 4958
958 4757 105735 106938 107423 3518 105706 106060 106824 4999
959 4749 105903 106962 107229 3513 105417 106013 106780 4993
960 4744 106026 107154 107288 3512 105613 106169 106721 5001
961 4734 106138 107171 107336 3502 105529 106361 106603 4992
962 4734 106331 107387 107329 3479 105502 106482 106733 4979
963 4737 106309 107165 107109 3489 105322 106539 106783 4978
964 4747 106046 107079 106976 3478 105413 106824 106862 4960
965 4721 106177 107334 107362 3456 105651 107011 107158 4946
966 4718 106321 107460 107636 3439 105670 107086 107147 4937
967 4714 106541 107505 107688 3445 105633 107183 107214 4946
968 4720 106484 107546 107760 3444 105833 107001 107226 4947
969 4727 106612 107608 107727 3444 106084 106918 107453 4946
970 4720 106528 107604 107796 3442 106452 106906 107542 4933
971 4716 106747 107807 107928 3460 106736 106924 107623 4954
972 4718 106945 107792 108184 3459 106443 106964 107418 5000
973 4708 106871 107918 108362 3444 106355 106776 107405 5004
974 4697 106991 108107 108468 3426 106267 106614 107316 5005
975 4676 106920 108124 108458 3408 106206 106799 107283 4988
976 4672 106983 108129 108430 3401 106125 106804 107280 4967
977 4695 106851 108213 108290 3407 106182 106612 107483 4977
978 4723 106710 108073 108272 3438 106318 106603 107509 4980
979 4746 106798 108085 108351 3454 106041 106453 107482 5007
980 4736 106596 107866 108101 3452 105970 106437 107264 5007
981 4719 106784 107735 107859 3442 105907 106526 107410 5002
982 4697 106980 107813 107983 3436 105915 106517 107318 4990
983 4680 107088 107747 108027 3428 105908 106433 107476 4979
984 4675 107168 107863 108029 3431 105883 106553 107365 4983
985 4687 107119 108041 108336 3426 105822 106747 107271 4969
986 4690 106996 108248 108399 3430 105932 106792 107492 4977
987 4712 107076 108098 108414 3448 105914 106542 107476 4992
988 4690 107090 108122 108191 3435 105865 106292 107437 4980
989 4681 107136 107892 108098 3429 106081 106137 107711 4993
990 4666 107234 108037 108192 3412 106057 105997 108055 4977
991 4655 107283 108142 108069 3423 105992 105987 107807 4995
992 4669 107035 108315 108317 3449 106001 105951 107843 5031
993 4752 107210 108160 108570 3462 106120 106173 107828 5031
994 4751 107383 108211 108633 3443 106012 106207 107661 5011
995 4756 107025 107947 108471 3459 105760 105818 107617 5021
996 4757 107163 108067 108334 3471 105820 105690 107404 5007
997 4750 107553 108309 108287 3460 105668 105660 107183 4990
998 4744 107514 108251 108310 3455 105679 105557 107064 4991
999 4725 107584 108356 108404 3440 105743 105608 107054 4989
1000 4710 107621 108527 108672 3431 105722 105692 107235 4973
